STATIONS_ID;MESS_DATUM;QN_3;  FX;  FM;QN_4; RSK;RSKF; SDK;SHK_TAG;  NM; VPM;  PM; TMK; UPM; TXK; TNK; TGK;eor
       5705;20241110;   10;   3.9;   1.4;    9;   0.0;   0;    0.000;   0;   8.0;   7.6;  996.20;    4.0;   94.00;    4.6;    3.3;    3.6;eor
       5705;20241111;   10;   6.0;   1.5;    9;   6.1;   6;    0.000;   0;   7.8;   8.1;  995.90;    4.6;   95.00;    5.6;    3.1;    3.4;eor
       5705;20241112;   10;   9.9;   2.9;    9;   0.0;   0;    0.100;   0;   7.9;   8.1;  996.30;    5.9;   87.00;    8.0;    4.1;    4.0;eor
       5705;20241113;   10;   4.2;   1.6;    9;   1.7;   6;    0.000;   0;   7.9;   7.2;  997.80;    4.0;   88.00;    5.8;    3.0;    3.0;eor
       5705;20241114;   10;   5.6;   2.1;    9;   1.0;   6;    0.000;   0;   7.9;   8.3;  994.90;    5.1;   94.00;    6.6;    3.6;    2.2;eor
       5705;20241115;   10;   3.3;   1.1;    9;   0.0;   0;    0.000;   0;   7.9;   8.7;  994.60;    6.7;   89.00;    8.2;    5.5;    4.4;eor
       5705;20241116;   10;   6.9;   2.5;    9;   0.0;   0;    0.100;   0;   7.9;   6.8;  988.30;    4.7;   80.00;    6.5;    1.8;    1.3;eor
       5705;20241117;   10;  13.5;   6.0;    9;   5.2;   6;    0.000;   0;   7.6;   7.0;  981.50;    4.3;   84.00;    5.2;    3.4;    2.4;eor
       5705;20241118;   10;  17.3;   4.2;    9;  10.1;   6;    0.000;   0;   7.2;   7.8;  979.30;    4.8;   91.00;    6.2;    3.8;    3.0;eor
       5705;20241119;   10;  22.4;   8.6;    9;  13.7;   6;    0.000;   0;   7.7;   9.2;  966.50;    7.9;   87.00;   11.1;    3.2;    2.8;eor
       5705;20241120;   10;  16.4;   6.1;    9;   0.7;   8;    0.700;   0;   7.0;   5.5;  969.50;    2.3;   76.00;    4.5;   -0.3;   -2.0;eor
       5705;20241121;   10;  11.4;   3.7;    9;   0.1;   8;    0.600;   0;   7.5;   5.1;  967.80;    0.3;   82.00;    2.3;   -1.9;   -3.5;eor
       5705;20241122;   10;  16.2;   5.9;    9;   0.4;   8;    2.300;   0;   6.3;   4.9;  973.30;    0.0;   80.00;    3.0;   -2.4;   -4.2;eor
       5705;20241123;   10;  10.6;   4.8;    9;   0.4;   6;    1.800;   0;   7.2;   5.6;  988.20;    2.8;   75.00;    4.7;    1.3;   -0.3;eor
       5705;20241124;   10;   6.7;   2.6;    9;   0.0;   0;    5.200;   0;   7.3;   8.2;  985.30;    9.3;   69.00;   15.6;    3.6;    2.4;eor
       5705;20241125;   10;  12.3;   2.2;    9;   2.1;   6;    0.600;   0;   7.9;   8.7;  980.70;    8.9;   76.00;   13.4;    4.2;    2.0;eor
       5705;20241126;   10;  10.2;   3.2;    9;   0.4;   6;    1.600;   0;   6.4;   9.5;  987.80;    8.6;   85.00;   11.7;    4.6;    2.6;eor
       5705;20241127;   10;  16.3;   4.1;    9;   0.2;   6;    2.800;   0;   6.9;   8.5;  987.90;    7.3;   84.00;   11.9;    2.3;    1.0;eor
       5705;20241128;   10;  14.2;   5.8;    9;   0.0;   6;    2.800;   0;   6.5;   7.2;  990.40;    6.9;   72.00;   10.6;    4.2;    2.4;eor
       5705;20241129;   10;   6.3;   2.0;    9;   0.0;   0;    3.700;   0;   5.0;   6.3; 1000.20;    3.5;   80.00;    7.1;   -1.0;   -4.0;eor
       5705;20241130;   10;   6.4;   2.0;    9;   0.0;   0;    8.100;   0;   3.4;   5.3;  999.00;    0.8;   83.00;    5.7;   -2.8;   -5.5;eor
       5705;20241201;   10;   7.0;   2.3;    9;   0.0;   6;    0.000;   0;   5.3;   4.9;  993.90;   -1.8;   92.00;   -0.4;   -5.3;   -7.0;eor
       5705;20241202;   10;   6.2;   1.9;    9;   3.4;   6;    0.000;   0;   7.8;   6.2;  986.90;    1.3;   92.00;    3.5;   -1.6;   -2.1;eor
       5705;20241203;   10;   9.7;   2.7;    9;   0.4;   6;    0.100;   0;   6.5;   7.5;  986.30;    4.3;   90.00;    6.7;    1.7;   -1.5;eor
       5705;20241204;   10;   5.6;   1.6;    9;   0.0;   0;    0.500;   0;   6.3;   6.0;  993.30;    1.3;   89.00;    3.6;   -1.4;   -3.8;eor
       5705;20241205;   10;   9.2;   3.2;    9;   6.1;   6;    4.000;   0;   7.3;   5.9;  990.40;    1.7;   86.00;    4.6;   -0.4;   -1.4;eor
       5705;20241206;   10;  21.4;   8.7;    9;   0.8;   6;    0.200;   0;   7.4;   7.5;  977.80;    6.5;   78.00;    8.3;    4.0;    3.5;eor
       5705;20241207;   10;  10.5;   4.4;    9;   8.6;   6;    0.000;   0;   7.5;   7.2;  974.50;    4.2;   88.00;    6.6;    1.7;    0.5;eor
       5705;20241208;   10;   8.6;   2.1;    9;   0.0;   6;    3.300;   0;   6.3;   7.1;  975.80;    3.9;   87.00;    5.3;    0.5;   -2.0;eor
       5705;20241209;   10;  11.9;   3.5;    9;   0.6;   6;    0.100;   0;   7.9;   6.3;  987.30;    3.1;   82.00;    4.7;    2.1;    1.6;eor
       5705;20241210;   10;  10.3;   3.6;    9;   1.1;   6;    0.000;   0;   7.5;   6.5;  993.20;    2.4;   89.00;    3.0;    1.8;    1.6;eor
       5705;20241211;   10;   8.3;   2.4;    9;   0.0;   0;    0.000;   0;   7.9;   5.6;  996.70;    1.3;   84.00;    1.8;    0.9;    0.2;eor
       5705;20241212;   10;   5.4;   1.8;    9;   0.0;   0;    0.000;   0;   8.0;   5.2;  998.30;    0.5;   83.00;    1.4;   -0.6;   -0.5;eor
       5705;20241213;   10;   8.2;   3.6;    9;   0.0;   0;    0.000;   0;   8.0;   5.2;  995.90;    0.1;   84.00;    0.7;   -0.9;   -0.9;eor
       5705;20241214;   10;  12.1;   3.5;    9;   0.0;   8;    1.200;   0;   7.9;   5.3;  988.90;    0.6;   83.00;    2.5;   -0.9;   -1.1;eor
       5705;20241215;   10;  13.6;   5.7;    9;   0.0;   6;    0.400;   0;   7.8;   6.5;  995.50;    3.1;   85.00;    5.1;    1.2;    0.4;eor
       5705;20241216;   10;  10.9;   4.5;    9;   0.5;   6;    0.000;   0;   7.8;   8.5;  999.90;    6.5;   88.00;    7.8;    4.6;    4.3;eor
       5705;20241217;   10;   8.8;-999;    9;   0.0;   4;    0.000;   0;  -999;  -999;    -999;    6.2;-999;    7.4;    4.8;    4.1;eor
       5705;20241218;   10;  11.7;   3.9;    9;   0.0;   6;    2.000;   0;   7.8;   7.8;  987.70;    7.7;   76.00;   11.4;    2.9;    1.3;eor
       5705;20241219;   10;  15.5;   6.5;    9;   4.5;   6;    0.500;   0;   7.6;   9.5;  973.30;    8.6;   83.00;   11.4;    3.5;    2.4;eor
       5705;20241220;   10;  11.9;   5.3;    9;   0.0;   6;    2.800;   0;   6.1;   6.1;  987.10;    3.1;   79.00;    5.9;   -0.1;   -1.7;eor
       5705;20241221;   10;  17.2;   7.1;    9;   2.5;   6;    0.100;   0;   7.5;   6.6;  985.60;    4.0;   80.00;    6.0;    0.6;   -0.7;eor
       5705;20241222;   10;  17.8;   7.4;    9;   0.5;   6;    0.600;   0;   6.6;   6.9;  971.10;    4.4;   82.00;    7.3;   -0.3;   -2.0;eor
       5705;20241223;   10;   8.4;   3.4;    9;   0.1;   6;    0.800;   0;   6.0;   6.0;  980.50;    2.1;   84.00;    4.3;   -0.4;   -1.9;eor
       5705;20241224;   10;   7.2;   2.5;    9;   0.0;   0;    2.000;   0;   5.0;   6.1;  995.20;    2.3;   84.00;    4.5;    0.6;   -1.6;eor
       5705;20241225;   10;   5.2;   1.7;    9;   0.0;   0;    2.700;   0;   4.8;   5.9; 1003.30;    1.6;   86.00;    5.9;   -0.6;   -2.8;eor
       5705;20241226;   10;   5.6;   1.4;    9;   0.0;   0;    6.300;   0;   1.6;   5.4; 1004.60;    0.0;   89.00;    4.9;   -2.8;   -4.7;eor
       5705;20241227;   10;   3.9;   0.9;    9;   0.0;   0;    7.400;   0;   4.8;   4.9; 1001.70;   -1.0;   87.00;    4.1;   -4.7;   -6.3;eor
       5705;20241228;   10;   4.2;   1.4;    9;   0.0;   0;    0.000;   0;   6.2;   4.8;  998.80;   -2.4;   94.00;   -1.2;   -5.0;   -6.1;eor
       5705;20241229;   10;   5.4;   1.8;    9;   0.0;   6;    0.000;   0;   8.0;   5.1;  998.10;   -1.7;   94.00;   -1.0;   -2.4;   -2.1;eor
       5705;20241230;   10;   5.9;   2.6;    9;   0.0;   8;    0.000;   0;   8.0;   5.1;  999.40;   -1.7;   94.00;   -1.1;   -2.4;   -2.1;eor
       5705;20241231;   10;   5.5;   2.3;    9;   0.0;   8;    0.100;   0;   7.2;   4.7;  997.00;   -2.7;   94.00;   -2.0;   -3.7;   -5.6;eor
       5705;20250101;   10;  15.8;   5.5;    9;   0.5;   6;    5.000;   0;   7.4;   5.1;  988.40;    2.5;   72.00;    9.4;   -3.2;   -5.1;eor
       5705;20250102;   10;  21.2;   4.2;    9;  17.3;   8;    0.000;   0;   7.5;   6.1;  980.90;    3.2;   81.00;    9.5;   -0.1;   -1.7;eor
       5705;20250103;   10;  13.4;   5.7;    9;   0.1;   8;    2.100;   0;   6.9;   5.1;  986.90;    0.5;   80.00;    2.0;   -0.7;   -1.1;eor
       5705;20250104;   10;   6.9;   2.7;    9;   2.0;   7;    0.100;   0;   7.9;   4.7;  987.50;   -1.1;   84.00;    0.2;   -2.7;   -4.1;eor
       5705;20250105;   10;   9.9;   3.1;    9;  10.3;   8;    0.000;   1;   7.6;   6.8;  971.60;    2.1;   93.00;    8.1;   -2.1;   -2.3;eor
       5705;20250106;   10;  18.9;   5.9;    9;   0.1;   6;    2.800;   0;   7.5;   8.1;  964.60;    9.1;   71.00;   14.8;    5.6;    4.0;eor
       5705;20250107;   10;  30.0;   7.5;    9;   1.2;   8;    2.800;   0;   5.6;   5.9;  971.70;    5.0;   68.00;    7.2;    1.5;    0.0;eor
       5705;20250108;   10;  11.1;   4.5;    9;   4.0;   8;    0.000;   0;   7.5;   6.2;  973.10;    2.0;   88.00;    4.0;   -0.1;   -0.1;eor
       5705;20250109;   10;  24.9;   5.9;    9;   4.4;   8;    1.200;   0;   7.3;   8.1;  969.30;    6.0;   84.00;   10.6;    1.0;   -0.3;eor
       5705;20250110;   10;  11.9;   4.4;    9;   0.0;   7;    0.900;   0;   5.8;   5.0;  985.70;    1.1;   75.00;    3.3;   -1.1;   -3.8;eor
       5705;20250111;   10;   8.1;   2.9;    9;   0.0;   7;    5.600;   0;   5.4;   4.7;  991.80;    0.3;   75.00;    3.3;   -2.1;   -4.1;eor
       5705;20250112;   10;   8.2;   2.6;    9;   0.0;   0;    8.200;   0;   1.2;   4.2; 1002.60;   -0.2;   70.00;    3.0;   -4.2;   -7.2;eor
       5705;20250113;   10;   6.4;   1.8;    9;   0.0;   0;    3.000;   0;   4.4;   3.8; 1008.30;   -3.3;   80.00;    0.5;   -6.9;   -9.2;eor
       5705;20250114;   10;   4.1;   1.2;    9;   0.2;   6;    6.000;   0;   4.9;   4.0; 1002.90;   -2.3;   78.00;    1.6;   -6.5;   -9.2;eor
       5705;20250115;   10;   5.7;   1.6;    9;   0.0;   6;    0.000;   0;   7.9;   6.1;  999.60;    1.6;   89.00;    2.8;   -0.4;   -0.7;eor
       5705;20250116;   10;   6.9;   2.8;    9;   0.0;   0;    6.100;   0;   3.6;   6.0; 1004.00;    2.6;   82.00;    7.4;   -1.5;   -4.4;eor
       5705;20250117;   10;   5.3;   2.5;    9;   0.0;   0;    0.000;   0;   7.7;   5.5; 1004.60;   -0.6;   93.00;    0.2;   -1.7;   -3.9;eor
       5705;20250118;   10;   6.2;   2.3;    9;   0.0;   0;    5.800;   0;   3.5;   5.2;  998.70;    0.4;   84.00;    4.6;   -2.3;   -5.2;eor
       5705;20250119;   10;   5.4;   1.3;    9;   0.0;   0;    8.300;   0;   0.0;   5.0;  990.10;    0.6;   80.00;    6.7;   -4.2;   -6.4;eor
       5705;20250120;   10;   4.6;   1.7;    9;   0.0;   0;    6.900;   0;   6.3;   4.9;  987.40;   -1.1;   87.00;    3.7;   -3.9;   -5.1;eor
       5705;20250121;   10;   4.7;   0.9;    9;   0.0;   8;    0.000;   0;   8.0;   4.4;  986.10;   -3.5;   94.00;   -2.0;   -5.2;   -7.0;eor
       5705;20250122;   10;   5.6;   1.7;    9;   0.6;   6;    3.700;   0;   7.8;   4.9;  978.60;   -1.2;   86.00;    2.6;   -5.9;   -7.3;eor
       5705;20250123;   10;  15.3;   4.7;    9;   2.3;   6;    1.200;   0;   7.6;   6.4;  975.80;    3.7;   80.00;    6.4;    1.7;    0.2;eor
       5705;20250124;   10;  11.3;   4.5;    9;   0.0;   6;    0.100;   0;   7.9;   7.0;  979.30;    6.4;   73.00;    9.8;    3.1;    1.9;eor
       5705;20250125;   10;  12.6;   3.5;    9;   0.1;   6;    1.600;   0;   7.9;   7.6;  976.40;   10.2;   61.00;   17.2;    6.3;    4.3;eor
       5705;20250126;   10;  16.7;   5.2;    9;   2.8;   6;    0.800;   0;   7.4;   7.1;  976.40;    6.3;   73.00;   11.0;    1.7;   -0.9;eor
       5705;20250127;   10;  15.3;   6.8;    9;   0.8;   6;    0.500;   0;   7.8;   8.6;  968.20;    8.6;   76.00;   12.3;    4.6;    3.8;eor
       5705;20250128;   10;  10.2;   3.7;    9;   1.0;   6;    0.200;   0;   7.4;   7.6;  967.50;    5.9;   82.00;    8.3;    3.9;    2.3;eor
       5705;20250129;   10;  14.5;   5.1;    9;   5.2;   6;    0.800;   0;   7.2;   7.5;  975.20;    5.9;   81.00;    8.4;    2.3;   -0.8;eor
       5705;20250130;   10;   9.8;   2.3;    9;   0.6;   6;    1.400;   0;   7.9;   7.1;  983.40;    5.0;   82.00;   10.5;    0.5;   -1.6;eor
       5705;20250131;   10;   7.3;   2.2;    9;   0.0;   0;    5.800;   0;   5.6;   5.6;  995.60;    2.8;   75.00;    6.6;   -2.0;   -4.5;eor
       5705;20250201;   10;   7.4;   2.6;    9;   0.0;   0;    9.000;   0;   0.5;   4.7;  997.80;    0.1;   78.00;    5.6;   -3.9;   -7.2;eor
       5705;20250202;   10;   4.7;   1.4;    9;   0.0;   0;    9.100;   0;   1.2;   4.5;  993.40;   -0.8;   80.00;    4.6;   -4.7;   -8.4;eor
       5705;20250203;   10;   5.6;   1.5;    9;   0.0;   0;    0.000;   0;   6.2;   4.6;  996.10;   -2.4;   89.00;   -0.8;   -6.0;   -8.8;eor
       5705;20250204;   10;   5.4;   2.0;    9;   0.0;   0;    0.000;   0;   7.1;   4.4;  998.40;   -2.5;   86.00;   -1.4;   -3.9;   -6.8;eor
       5705;20250205;   10;   4.4;   1.1;    9;   0.0;   8;    0.000;   0;   8.0;   5.1; 1005.20;   -1.6;   93.00;    0.2;   -4.1;   -3.7;eor
       5705;20250206;   10;  10.4;   3.9;    9;   0.0;   8;    0.000;   0;   8.0;   5.6; 1005.40;    1.4;   83.00;    3.2;   -0.1;   -0.4;eor
       5705;20250207;   10;  12.0;   6.3;    9;   0.0;   0;    0.200;   0;   7.5;   5.2;  994.80;    2.3;   72.00;    4.4;   -0.8;   -4.3;eor
       5705;20250208;   10;   8.2;   2.9;    9;   0.0;   0;    9.000;   0;   3.0;   5.0;  991.90;    1.6;   73.00;    7.4;   -2.4;   -6.0;eor
       5705;20250209;   10;   2.9;   0.9;    9;   0.0;   0;    0.000;   0;   6.5;   4.9;  994.80;   -0.4;   84.00;    2.6;   -3.5;   -6.1;eor
       5705;20250210;   10;  10.1;   3.3;    9;   4.8;   6;    3.700;   0;   7.1;   5.5;  992.50;    2.1;   79.00;    7.0;   -1.9;   -3.8;eor
       5705;20250211;   10;  10.3;   4.3;    9;   0.2;   6;    1.000;   0;   7.8;   6.5;  989.30;    3.1;   85.00;    5.7;    1.9;    1.5;eor
       5705;20250212;   10;   6.8;   2.1;    9;   7.3;   6;    0.000;   0;   7.8;   7.3;  985.00;    3.4;   94.00;    5.1;    2.3;    2.1;eor
       5705;20250213;   10;   7.2;   2.1;    9;   0.9;   8;    1.200;   0;   7.5;   6.2;  984.80;    2.0;   88.00;    4.4;   -1.0;   -1.6;eor
       5705;20250214;   10;   6.5;   2.5;    9;   0.0;   8;    0.000;   0;   7.6;   4.5;  991.90;   -0.4;   75.00;    1.0;   -2.0;   -3.7;eor
       5705;20250215;   10;   5.7;   2.6;    9;   0.0;   7;    0.000;   0;   8.0;   4.1;  991.20;   -1.0;   71.00;    0.3;   -2.1;   -3.2;eor
       5705;20250216;   10;   8.8;   4.3;    9;   0.0;   8;    2.700;   0;   7.1;   3.9;  988.10;   -0.9;   69.00;    3.0;   -3.4;   -5.8;eor
       5705;20250217;   10;   8.9;   3.1;    9;   0.0;   0;    9.500;   0;   0.5;   3.4;  990.90;   -2.5;   68.00;    2.5;   -6.5;   -9.9;eor
       5705;20250218;   10;  10.0;   3.8;    9;   0.0;   0;    9.700;   0;   0.5;   3.1;  993.80;   -2.7;   64.00;    2.5;   -8.1;  -11.4;eor
       5705;20250219;   10;  11.2;   4.5;    9;   0.0;   0;    9.000;   0;   2.6;   2.8;  994.10;   -1.5;   53.00;    4.4;   -6.9;   -9.9;eor
       5705;20250220;   10;   6.3;   2.4;    9;   0.0;   6;    0.000;   0;   7.9;   4.2;  994.20;    1.1;   62.00;    3.7;   -1.9;   -3.8;eor
       5705;20250221;   10;   6.1;   1.9;    9;   0.0;   0;    5.200;   0;   6.3;   7.5;  992.00;    6.3;   77.00;   13.6;    1.2;    0.8;eor
       5705;20250222;   10;   6.4;   2.6;    9;   0.0;   6;    4.200;   0;   8.0;   7.1;  989.00;    6.5;   73.00;   10.1;    2.6;    1.4;eor
       5705;20250223;   10;   6.7;   2.0;    9;   0.0;   0;    7.000;   0;   5.0;   8.6;  996.10;    9.5;   73.00;   14.7;    3.2;    1.4;eor
       5705;20250224;   10;   6.6;   2.4;    9;   1.4;   6;    1.000;   0;   7.7;   8.0;  991.60;    6.5;   83.00;   11.4;    1.2;   -0.7;eor
       5705;20250225;   10;  10.0;   2.5;    9;   5.0;   6;    1.200;   0;   7.5;   9.9;  982.90;    8.5;   89.00;   11.9;    4.8;    3.7;eor
       5705;20250226;   10;  13.2;   3.7;    9;   1.0;   6;    0.000;   0;   6.7;   7.8;  983.90;    5.2;   87.00;    7.4;    1.8;    0.0;eor
       5705;20250227;   10;  10.4;   2.5;    9;   3.9;   8;    0.900;   0;   5.9;   6.7;  985.80;    3.0;   88.00;    6.9;    0.9;   -0.7;eor
       5705;20250228;   10;   7.4;   2.1;    9;   1.8;   6;    0.800;   0;   6.4;   6.7;  990.10;    3.0;   88.00;    5.8;    0.1;   -1.9;eor
       5705;20250301;   10;   7.7;   2.2;    9;   0.0;   0;    0.500;   0;   6.5;   6.0;  997.70;    1.9;   86.00;    6.1;   -2.4;   -3.2;eor
       5705;20250302;   10;   6.7;   2.1;    9;   0.0;   0;   10.000;   0;   1.7;   5.4; 1000.40;    2.5;   75.00;    8.6;   -2.2;   -5.2;eor
       5705;20250303;   10;   5.3;   1.5;    9;   0.0;   0;   10.700;   0;   2.3;   5.0;  997.00;    3.3;   68.00;   11.3;   -3.2;   -6.2;eor
       5705;20250304;   10;   4.2;   1.2;    9;   0.0;   0;    9.600;   0;   5.5;   5.0;  994.50;    4.0;   64.00;   12.1;   -1.6;   -4.1;eor
       5705;20250305;   10;   5.6;   1.3;    9;   0.0;   0;   10.800;   0;   0.0;   5.5;  993.30;    5.4;   64.00;   15.0;   -3.0;   -6.0;eor
       5705;20250306;   10;   5.4;   1.1;    9;   0.0;   0;   10.800;   0;   2.0;   5.9;  989.80;    7.0;   63.00;   16.8;   -1.3;   -4.5;eor
       5705;20250307;   10;   5.2;   1.3;    9;   0.0;   0;   10.800;   0;   2.4;   6.0;  987.00;    7.8;   61.00;   17.9;   -0.4;   -3.4;eor
       5705;20250308;   10;   6.4;   1.8;    9;   0.0;   0;   10.600;   0;   2.3;   6.4;  981.80;    8.6;   59.00;   17.4;    0.5;   -2.2;eor
       5705;20250309;   10;   4.9;   1.4;    9;   0.0;   0;   10.900;   0;   4.0;   6.3;  974.20;    8.8;   59.00;   17.9;    0.5;   -3.1;eor
       5705;20250310;   10;  11.5;   3.0;    9;   0.0;   0;    6.500;   0;   7.1;   7.2;  969.70;    8.5;   66.00;   17.0;    0.6;   -1.9;eor
       5705;20250311;   10;   6.3;   2.0;    9;   2.9;   6;-999;   0;   7.2;   9.3;  969.90;    9.0;   81.00;   13.3;    5.3;    4.0;eor
       5705;20250312;   10;   5.8;   1.5;    9;  12.0;   6;-999;   0;   7.8;   8.1;  967.20;    5.4;   90.00;    6.8;    3.6;    2.5;eor
       5705;20250313;   10;   5.8;   2.1;    9;   1.6;   6;-999;   0;   7.7;   6.7;  966.20;    3.9;   83.00;    6.7;    1.3;    0.2;eor
       5705;20250314;   10;   7.7;   2.1;    9;   0.1;   6;-999;   0;   7.6;   6.6;  973.90;    3.5;   84.00;    5.4;    1.0;   -0.7;eor
       5705;20250315;   10;  12.9;   4.9;    9;   0.0;   0;-999;   0;   7.0;   5.9;  981.40;    4.5;   70.00;    8.2;    0.6;   -0.5;eor
       5705;20250316;   10;  10.9;   3.9;    9;   0.0;   0;-999;   0;   0.8;   4.8;  985.60;    4.7;   59.00;   10.5;    0.2;   -2.8;eor
       5705;20250317;   10;  12.7;   4.4;    9;   0.0;   0;-999;   0;   2.3;   4.1;  993.80;    2.5;   58.00;    8.1;   -1.6;   -4.6;eor
       5705;20250318;   10;  12.9;   4.1;    9;   0.0;   0;-999;   0;   0.0;   3.1;  996.60;    3.3;   42.00;    9.7;   -3.6;   -7.7;eor
       5705;20250319;   10;   5.1;   1.5;    9;   0.0;   0;-999;   0;   0.0;   4.6;  994.70;    5.5;   51.00;   14.1;   -3.5;   -6.8;eor
       5705;20250320;   10;   8.1;   1.7;    9;   0.0;   0;-999;   0;   2.5;   6.1;  991.90;    8.4;   58.00;   18.6;   -1.3;   -4.2;eor
       5705;20250321;   10;  10.3;   3.5;    9;   0.0;   0;   10.500;   0;   5.7;   7.2;  985.00;   12.0;   54.00;   20.7;    2.6;   -0.7;eor
       5705;20250322;   10;   8.7;   3.6;    9;   0.0;   6;    7.400;   0;   6.0;   7.3;  975.10;   12.2;   52.00;   17.4;    8.0;    5.8;eor
       5705;20250323;   10;   9.4;   2.5;    9;  13.3;   6;    7.400;   0;   7.4;   9.2;  973.20;   11.1;   70.00;   16.6;    7.1;    4.8;eor
       5705;20250324;   10;  11.2;   1.7;    9;  14.1;   6;    1.500;   0;   7.6;  11.0;  981.20;   10.2;   88.00;   15.7;    8.2;    7.4;eor
       5705;20250325;   10;   8.2;   2.3;    9;   0.0;   4;    7.100;   0;   5.8;   9.3;  986.40;   10.4;   76.00;   16.6;    4.9;    4.5;eor
       5705;20250326;   10;   7.0;   2.0;    9;   0.0;   6;    0.000;   0;   7.3;   8.2;  988.50;    8.6;   73.00;    9.8;    6.3;    4.4;eor
       5705;20250327;   10;   7.4;   2.5;    9;   0.0;   0;    9.700;   0;   3.0;   7.4;  988.40;    8.8;   67.00;   14.3;    3.7;    1.4;eor
       5705;20250328;   10;   4.8;   1.2;    9;   0.0;   0;   11.400;   0;   2.8;   6.9;  980.60;    8.9;   64.00;   15.9;    1.3;   -0.8;eor
       5705;20250329;   10;   9.8;   2.7;    9;   0.0;   0;    2.800;   0;   5.8;   7.7;  982.20;    9.8;   63.00;   14.4;    5.5;    2.2;eor
       5705;20250330;   10;  16.2;   5.5;    9;   0.2;   6;    1.900;   0;   7.3;   6.9;  984.80;    7.6;   66.00;   11.3;    1.3;   -0.6;eor
       5705;20250331;   10;   9.6;   3.0;    9;   0.1;   6;    0.200;   0;   7.9;   6.6;  990.60;    7.7;   63.00;    9.8;    5.3;    3.4;eor
       5705;20250401;   10;  13.3;   5.0;    9;   0.0;   6;    4.700;   0;   5.9;   6.4;  992.50;    8.0;   61.00;   13.9;    5.0;    3.8;eor
       5705;20250402;   10;  17.2;   6.9;    9;   0.0;   0;    9.500;   0;   3.8;   7.4;  990.00;   10.7;   59.00;   16.7;    4.2;    1.5;eor
       5705;20250403;   10;  10.0;   4.2;    9;   0.0;   0;   12.300;   0;   1.2;   7.2;  991.20;   13.1;   50.00;   19.9;    6.1;    2.8;eor
       5705;20250404;   10;   8.5;   1.9;    9;   0.0;   0;   12.400;   0;   0.0;   8.0;  987.50;   13.4;   55.00;   21.2;    5.5;    1.2;eor
       5705;20250405;   10;  12.0;   3.2;    9;   0.0;   0;    8.400;   0;   2.6;   7.4;  983.90;   11.7;   54.00;   20.4;    4.9;    3.0;eor
       5705;20250406;   10;  13.9;   5.3;    9;   0.0;   0;   12.300;   0;   0.8;   3.6;  991.70;    4.6;   43.00;    9.4;   -0.1;   -3.4;eor
       5705;20250407;   10;  11.2;   2.8;    9;   0.0;   0;   12.500;   0;   0.0;   4.5;  992.90;    5.7;   51.00;   12.7;   -2.0;   -4.8;eor
       5705;20250408;   10;   8.1;   1.9;    9;   0.0;   0;   12.000;   0;   0.7;   5.4;  993.70;    7.9;   53.00;   15.2;    0.2;   -2.5;eor
       5705;20250409;   10;   8.0;   1.8;    9;   0.0;   0;    8.700;   0;   4.0;   5.8;  990.80;    9.3;   52.00;   16.1;    1.8;   -0.3;eor
       5705;20250410;   10;   6.9;   2.3;    9;   0.0;   0;    7.100;   0;   4.7;   6.9;  993.10;    8.7;   62.00;   14.0;    4.7;    1.7;eor
       5705;20250411;   10;   9.0;   2.6;    9;   0.0;   0;   12.600;   0;   3.1;   7.1;  988.40;   11.6;   56.00;   19.5;    1.7;   -0.5;eor
       5705;20250412;   10;   9.7;   2.3;    9;   0.0;   6;   12.700;   0;   6.0;   7.5;  981.00;   13.9;   51.00;   22.0;    4.0;    0.8;eor
       5705;20250413;   10;  13.4;   4.4;    9;   1.3;   6;    4.000;   0;   7.3;  10.1;  976.50;   14.7;   61.00;   19.7;    9.3;    7.6;eor
       5705;20250414;   10;   8.6;   2.4;    9;   0.2;   6;    6.700;   0;   6.8;  10.7;  977.80;   13.0;   73.00;   19.2;    7.3;    6.1;eor
       5705;20250415;   10;  12.7;   2.8;    9;   0.0;   6;    8.500;   0;   5.4;  11.7;  970.20;   14.8;   71.00;   22.2;    9.3;    6.9;eor
       5705;20250416;   10;  12.6;   3.2;    9;   0.0;   0;    8.200;   0;   6.8;  11.1;  974.60;   15.4;   68.00;   25.2;    8.1;    6.1;eor
       5705;20250417;   10;   9.0;   3.2;    9;   8.7;   6;    0.100;   0;   7.9;  11.0;  975.40;   10.9;   84.00;   14.7;    8.1;    8.1;eor
       5705;20250418;   10;   9.2;   3.5;    9;   0.0;   6;    0.000;   0;   7.7;   9.2;  981.10;    8.1;   85.00;    9.8;    7.0;    6.7;eor
       5705;20250419;   10;   6.5;   2.0;    9;   0.0;   0;    8.900;   0;   5.5;   8.8;  977.80;   11.0;   69.00;   16.5;    6.7;    5.6;eor
       5705;20250420;   10;  16.9;   3.1;    9;   1.4;   6;   10.000;   0;   3.7;  10.0;  975.40;   12.2;   73.00;   22.3;    5.2;    3.4;eor
       5705;20250421;   10;  13.8;   2.1;    9;   3.1;   6;    6.000;   0;   6.1;   9.8;  980.50;   10.3;   81.00;   18.8;    4.1;    3.7;eor
       5705;20250422;   10;   6.2;   1.8;    9;   0.0;   6;    1.900;   0;   7.0;  10.8;  986.20;   11.6;   80.00;   17.4;    6.8;    5.4;eor
       5705;20250423;   10;  13.8;   2.3;    9;   9.8;   6;    9.600;   0;   6.5;  10.8;  983.10;   13.2;   75.00;   21.1;    7.3;    5.0;eor
       5705;20250424;   10;   8.9;   2.5;    9;   1.9;   6;    2.100;   0;   7.7;  10.5;  983.60;   11.0;   81.00;   15.1;    8.4;    7.5;eor
       5705;20250425;   10;   7.7;   1.8;    9;   6.0;   6;    0.000;   0;   7.3;  10.6;  986.80;    9.5;   89.00;   11.3;    6.7;    4.5;eor
       5705;20250426;   10;  11.8;   4.0;    9;   0.0;   0;    9.300;   0;   6.4;   9.1;  988.90;   11.8;   68.00;   18.4;    5.2;    3.1;eor
       5705;20250427;   10;   7.7;   2.7;    9;   0.0;   0;   13.000;   0;   6.2;   7.7;  991.80;   12.7;   55.00;   19.0;    6.3;    4.2;eor
       5705;20250428;   10;   6.2;   1.7;    9;   0.0;   0;   13.600;   0;   2.9;   8.2;  993.30;   13.9;   56.00;   21.6;    5.5;    3.2;eor
       5705;20250429;   10;   6.7;   2.0;    9;   0.0;   0;   13.700;   0;   2.0;   8.8;  992.70;   16.1;   51.00;   23.9;    7.6;    5.6;eor
       5705;20250430;   10;   5.3;   1.6;    9;   0.0;   0;   13.700;   0;   2.4;   9.4;  990.80;   17.1;   52.00;   25.0;    8.2;    5.8;eor
       5705;20250501;   10;   6.2;   1.7;    9;   0.0;   0;   13.700;   0;   1.0;  11.1;  988.10;   18.4;   56.00;   26.9;   10.0;    7.9;eor
       5705;20250502;   10;  13.0;   2.6;    9;   0.0;   0;   13.200;   0;   2.5;  11.8;  984.20;   20.0;   55.00;   28.5;    9.8;    7.9;eor
       5705;20250503;   10;  23.5;   4.5;    9;   9.6;   6;    4.200;   0;   7.3;  13.6;  978.70;   16.7;   72.00;   22.0;   12.9;   12.2;eor
       5705;20250504;   10;   7.9;   2.3;    9;   0.0;   0;    7.700;   0;   6.5;   8.9;  979.50;   11.2;   68.00;   15.2;    7.5;    6.2;eor
       5705;20250505;   10;  12.2;   4.1;    9;   0.0;   6;    6.000;   0;   7.1;   7.5;  981.60;   10.6;   60.00;   15.1;    5.7;    4.7;eor
       5705;20250506;   10;  10.1;   3.6;    9;   0.0;   0;   12.200;   0;   4.1;   6.5;  984.90;   11.1;   51.00;   16.7;    5.7;    4.8;eor
       5705;20250507;   10;   9.9;   3.3;    9;   0.0;   0;    2.000;   0;   6.0;   7.9;  985.10;   11.0;   61.00;   15.8;    5.2;    3.6;eor
       5705;20250508;   10;  10.7;   4.0;    9;   0.0;   0;    5.400;   0;   7.7;   6.5;  984.10;   11.6;   48.00;   16.5;    7.1;    5.6;eor
       5705;20250509;   10;  11.8;   3.8;    9;   0.0;   0;   12.600;   0;   1.1;   6.0;  987.60;   11.6;   46.00;   18.6;    3.6;    0.8;eor
       5705;20250510;   10;   8.9;   2.0;    9;   0.0;   0;   13.800;   0;   1.8;   6.7;  988.10;   12.8;   49.00;   20.3;    3.7;    1.5;eor
       5705;20250511;   10;  10.7;   3.7;    9;   0.0;   0;   13.500;   0;   2.5;   8.4;  983.60;   15.6;   50.00;   23.0;    6.2;    3.6;eor
       5705;20250512;   10;   8.4;   2.8;    9;   0.0;   0;   13.800;   0;   1.5;   7.5;  982.60;   15.0;   46.00;   21.0;    7.5;    4.5;eor
       5705;20250513;   10;   8.8;   2.5;    9;   0.0;   0;   13.800;   0;   0.3;   7.1;  985.60;   14.8;   44.00;   21.5;    6.6;    3.5;eor
       5705;20250514;   10;   9.3;   2.3;    9;   0.0;   0;   13.800;   0;   5.2;   8.1;  984.30;   16.5;   47.00;   24.9;    7.4;    4.5;eor
       5705;20250515;   10;  12.5;   2.8;    9;   0.0;   0;   11.500;   0;   3.3;   7.1;  984.10;   13.9;   46.00;   18.1;    6.9;    4.5;eor
       5705;20250516;   10;  12.6;   2.5;    9;   2.0;   6;    7.600;   0;   4.3;   7.4;  985.80;   12.2;   54.00;   18.5;    4.7;    2.8;eor
       5705;20250517;   10;   8.5;   2.3;    9;   0.0;   6;    5.200;   0;   5.2;   9.2;  984.00;   11.9;   69.00;   18.1;    6.5;    4.4;eor
       5705;20250518;   10;  11.3;   3.1;    9;   0.0;   0;   13.100;   0;   1.9;   9.2;  984.00;   13.4;   60.00;   18.7;    7.9;    5.5;eor
       5705;20250519;   10;   7.2;   2.0;    9;   0.0;   0;   12.400;   0;   1.5;   9.0;  986.70;   14.2;   59.00;   21.9;    5.3;    2.9;eor
       5705;20250520;   10;   7.1;   1.7;    9;   0.0;   0;   12.900;   0;   4.9;  10.0;  984.70;   16.2;   57.00;   23.8;    8.4;    6.3;eor
       5705;20250521;   10;  12.9;   1.8;    9;   4.2;   6;    4.300;   0;   7.8;  11.9;  980.90;   14.0;   75.00;   20.4;    8.9;    7.0;eor
       5705;20250522;   10;  11.1;   2.9;    9;   0.4;   6;    5.600;   0;   5.8;   8.9;  980.50;   12.3;   63.00;   16.7;    6.0;    3.0;eor
       5705;20250523;   10;  13.3;   3.1;    9;   0.0;   0;    6.900;   0;   5.1;   6.4;  984.90;   10.0;   54.00;   16.1;    3.0;    1.2;eor
       5705;20250524;   10;   9.7;   3.1;    9;   1.3;   6;    9.500;   0;   5.0;   7.1;  986.20;   12.1;   53.00;   17.9;    3.9;    1.7;eor
       5705;20250525;   10;  12.7;   4.5;    9;   3.0;   6;    1.800;   0;   7.5;  12.7;  982.80;   13.7;   81.00;   19.6;    9.3;    9.2;eor
       5705;20250526;   10;  13.1;   4.2;    9;   0.0;   0;    7.700;   0;   6.7;  10.7;  986.10;   15.2;   64.00;   20.1;   11.1;    8.5;eor
       5705;20250527;   10;  12.7;   4.9;    9;   4.3;   6;    5.100;   0;   7.7;  10.3;  988.00;   15.6;   59.00;   21.1;    8.3;    7.0;eor
       5705;20250528;   10;  13.5;   5.6;    9;  17.1;   6;    1.100;   0;   7.1;  14.0;  985.20;   14.1;   87.00;   17.4;   11.2;    9.2;eor
       5705;20250529;   10;   9.9;   2.9;    9;   0.1;   6;    7.200;   0;   6.5;  12.1;  991.00;   15.2;   71.00;   19.7;   10.0;    8.6;eor
       5705;20250530;   10;   9.8;   2.9;    9;   0.0;   0;   10.700;   0;   3.7;  15.1;  989.80;   20.5;   64.00;   26.5;   15.0;   14.6;eor
       5705;20250531;   10;  15.8;   2.3;    9;   5.9;   6;   10.200;   0;   4.1;  16.2;  987.40;   20.7;   70.00;   29.7;   13.7;   12.7;eor
       5705;20250601;   10;  10.6;   2.5;    9;  10.1;   6;    7.200;   0;   6.8;  18.3;  984.00;   18.9;   84.00;   26.4;   14.9;   14.4;eor
       5705;20250602;   10;   5.9;   1.8;    9;   0.1;   6;    2.200;   0;   7.6;  15.6;  984.70;   17.6;   78.00;   21.4;   14.7;   13.7;eor
       5705;20250603;   10;  10.2;   2.6;    9;   0.1;   6;    9.800;   0;   4.7;  15.1;  983.00;   18.6;   73.00;   24.1;   13.2;   12.0;eor
       5705;20250604;   10;   9.8;   3.1;    9;   7.3;   6;    0.000;   0;   7.2;  17.0;  979.80;   16.7;   89.00;   19.4;   14.7;   13.7;eor
       5705;20250605;   10;  14.0;   5.1;    9;   0.6;   6;    6.700;   0;   6.3;  13.6;  981.50;   16.8;   72.00;   21.1;   13.8;   12.4;eor
       5705;20250606;   10;  20.1;   5.9;    9;   0.3;   6;    1.200;   0;   7.5;  15.3;  981.10;   17.0;   79.00;   21.1;   14.0;   13.4;eor
       5705;20250607;   10;  15.9;   5.3;    9;   3.4;   6;    3.800;   0;   7.2;  14.6;  980.70;   16.5;   78.00;   20.7;   13.8;   12.2;eor
       5705;20250608;   10;  18.5;   5.7;    9;   3.7;   6;    4.900;   0;   5.5;  12.4;  983.50;   13.4;   81.00;   17.0;    8.0;    5.9;eor
       5705;20250609;   10;  12.8;   2.5;    9;   0.0;   0;   12.600;   0;   2.8;   9.9;  992.10;   13.5;   66.00;   19.4;    6.1;    4.8;eor
       5705;20250610;   10;  12.4;   3.8;    9;   0.0;   0;    4.900;   0;   6.5;  12.1;  986.60;   16.7;   65.00;   23.3;    8.1;    6.8;eor
       5705;20250611;   10;   9.9;   2.6;    9;   0.0;   0;   14.100;   0;   1.4;  11.0;  989.30;   17.1;   57.00;   22.5;   12.0;    9.3;eor
       5705;20250612;   10;  10.1;   3.3;    9;   0.0;   0;   14.600;   0;   1.7;  11.6;  988.30;   19.5;   54.00;   26.9;   10.0;    7.8;eor
       5705;20250613;   10;   9.4;   3.5;    9;   0.0;   0;   14.600;   0;   0.8;  12.4;  989.90;   22.9;   46.00;   30.1;   12.8;   10.5;eor
       5705;20250614;   10;   8.6;   2.9;    9;   0.0;   0;   14.000;   0;   1.1;  -999;  987.80;   25.3;-999;   33.3;   16.6;   14.0;eor
       5705;20250615;   10;  12.0;   2.8;    9;   3.6;   6;    5.000;   0;   6.0;  -999;  988.20;   20.7;-999;   25.9;   15.2;   14.2;eor
       5705;20250616;   10;   7.0;   2.3;    9;   0.0;   0;    8.600;   0;   4.6;  -999;  994.30;   18.8;-999;   23.7;   14.0;   11.9;eor
       5705;20250617;   10;-999;-999;    9;   0.0;   0;   14.100;   0;  -999;  -999;    -999;   19.5;-999;   26.4;   11.3;    9.8;eor
       5705;20250618;   10;   8.6;   1.8;    9;   0.0;   0;   14.000;   0;   4.5;  14.0;  991.20;   21.8;   58.00;   28.5;   12.9;   11.6;eor
       5705;20250619;   10;   8.7;   2.3;    9;   0.0;   0;   14.400;   0;   0.2;  13.9;  991.90;   21.9;   55.00;   28.4;   15.2;   13.4;eor
       5705;20250620;   10;   7.8;   2.6;    9;   0.0;   0;   14.700;   0;   0.6;  10.3;  992.90;   20.2;   47.00;   27.2;   12.4;   11.8;eor
       5705;20250621;   10;-999;-999;    9;   0.0;   0;   14.700;   0;   2.8;  -999;  990.50;   22.0;-999;   29.8;   12.7;   10.7;eor
       5705;20250622;   10;-999;-999;    9;   0.1;   6;   14.500;   0;  -999;  -999;  985.80;   24.8;-999;   34.1;   13.0;   10.7;eor
       5705;20250623;   10;  18.4;   5.6;    9;   0.0;   6;    9.200;   0;   6.0;  -999;  981.90;   23.0;-999;   28.5;   17.3;   15.3;eor
       5705;20250624;   10;  15.1;   4.9;    9;   0.0;   0;   14.200;   0;   3.2;  11.4;  983.40;   21.5;   47.00;   28.4;   12.9;   10.4;eor
       5705;20250625;   10;  11.4;   3.3;    9;   0.0;   6;   13.100;   0;   2.8;  14.5;  982.70;   25.4;   47.00;   32.4;   17.7;   15.4;eor
       5705;20250626;   10;  18.4;   5.0;    9;   0.0;   6;   10.400;   0;   5.5;  16.6;  983.60;   23.6;   59.00;   30.7;   17.6;   17.1;eor
       5705;20250627;   10;  11.9;   3.9;    9;   0.8;   6;    5.700;   0;   6.1;  17.2;  991.10;   20.2;   73.00;   24.2;   16.4;   15.9;eor
       5705;20250628;   10;  10.7;   2.9;    9;   0.0;   0;   13.700;   0;   1.0;  17.1;  993.30;   24.1;   60.00;   31.1;   15.5;   14.6;eor
       5705;20250629;   10;   7.8;   1.9;    9;   0.0;   0;   14.500;   0;   0.8;  17.2;  991.40;   26.1;   54.00;   33.2;   17.7;   15.8;eor
       5705;20250630;   10;   8.5;   2.8;    9;   0.0;   0;   14.700;   0;   0.9;  15.2;  988.30;   26.0;   48.00;   32.9;   18.8;   18.2;eor
       5705;20250701;   10;  14.1;   2.4;    9;   0.0;   0;   12.900;   0;   2.3;  14.9;  985.70;   26.6;   43.00;   36.2;   17.8;   17.2;eor
       5705;20250702;   10;   9.7;   2.1;    9;   0.0;   6;   14.500;   0;   1.0;  16.8;  984.00;   28.5;   48.00;   37.4;   18.5;   17.2;eor
       5705;20250703;   10;   8.5;   2.7;    9;   0.7;   6;    3.500;   0;   6.1;  16.4;  990.60;   21.8;   63.00;   25.4;   16.4;   14.1;eor
       5705;20250704;   10;   8.0;   1.9;    9;   0.0;   0;   13.700;   0;   1.8;  10.7;  992.80;   21.4;   44.00;   28.3;   13.7;   11.8;eor
       5705;20250705;   10;  11.7;   2.8;    9;   0.0;   0;   12.800;   0;   5.3;  10.5;  985.70;   22.8;   41.00;   31.0;   13.3;   11.7;eor
       5705;20250706;   10;  10.6;   3.4;    9;   2.5;   6;    0.800;   0;   8.0;  11.2;  978.90;   20.3;   49.00;   25.1;   14.5;   14.6;eor
       5705;20250707;   10;  11.2;   4.1;    9;   1.0;   6;    1.400;   0;   7.7;  15.1;  974.60;   16.3;   82.00;   21.2;   14.0;   13.3;eor
       5705;20250708;   10;  13.1;   3.4;    9;   0.0;   6;    5.200;   0;   6.7;  11.7;  981.60;   15.1;   69.00;   19.8;   12.2;   11.3;eor
       5705;20250709;   10;   9.1;   2.7;    9;   1.4;   6;    1.900;   0;   6.3;  12.0;  988.90;   15.7;   69.00;   21.0;   11.3;    9.5;eor
       5705;20250710;   10;  10.6;   2.4;    9;   0.0;   0;   12.600;   0;   5.0;  11.4;  989.10;   20.1;   52.00;   26.8;   12.4;   10.6;eor
       5705;20250711;   10;  10.6;   2.9;    9;   0.0;   0;   11.700;   0;   5.3;  12.8;  985.80;   19.5;   58.00;   24.5;   13.9;   12.5;eor
       5705;20250712;   10;   8.7;   2.1;    9;   0.0;   6;    5.300;   0;   6.9;  13.1;  981.60;   19.5;   58.00;   24.0;   14.9;   13.4;eor
       5705;20250713;   10;   8.5;   1.9;    9;   0.0;   6;    5.000;   0;   6.0;  13.8;  980.10;   21.5;   56.00;   28.6;   16.0;   15.3;eor
       5705;20250714;   10;  10.9;   2.5;    9;   3.2;   6;    4.500;   0;   5.7;  17.1;  984.60;   19.4;   77.00;   26.6;   14.0;   12.2;eor
       5705;20250715;   10;  24.3;   3.4;    9;  14.9;   6;    8.700;   0;   5.9;  15.8;  986.20;   19.8;   70.00;   24.8;   14.3;   12.9;eor
       5705;20250716;   10;  14.8;   3.7;    9;   1.9;   6;    3.800;   0;   7.3;  13.4;  983.70;   16.9;   69.00;   22.5;   14.4;   12.6;eor
       5705;20250717;   10;   9.3;   2.9;    9;   0.0;   6;    4.800;   0;   5.1;  13.2;  985.40;   18.2;   65.00;   23.9;   13.5;   11.7;eor
       5705;20250718;   10;   7.9;   1.8;    9;   0.0;   0;   11.300;   0;   4.4;  14.2;  983.30;   20.3;   62.00;   27.2;   12.0;   10.8;eor
       5705;20250719;   10;  13.2;   3.0;    9;   0.0;   6;   11.500;   0;   3.8;  15.5;  979.20;   23.4;   58.00;   31.3;   14.2;   12.5;eor
       5705;20250720;   10;  14.5;   2.2;    9;  10.7;   6;    8.900;   0;   5.1;  17.7;  976.10;   23.0;   67.00;   31.0;   16.3;   14.9;eor
       5705;20250721;   10;  17.4;   2.7;    9;   4.8;   6;    1.700;   0;   6.6;  17.9;  976.60;   18.0;   87.00;   23.5;   14.3;   13.8;eor
       5705;20250722;   10;  13.0;   4.4;    9;   9.6;   6;    2.600;   0;   7.5;  16.4;  980.30;   17.0;   85.00;   21.5;   14.4;   13.8;eor
       5705;20250723;   10;   9.2;   2.6;    9;   0.0;   6;    6.100;   0;   5.7;  14.8;  982.20;   18.7;   70.00;   24.6;   13.6;   12.5;eor
       5705;20250724;   10;   9.0;   1.7;    9;   0.0;   0;    4.300;   0;   7.6;  15.1;  982.30;   18.5;   73.00;   25.4;   14.6;   13.6;eor
       5705;20250725;   10;  11.2;   1.7;    9;  11.5;   6;    7.700;   0;   6.0;  16.8;  984.20;   18.9;   80.00;   28.1;   14.0;   13.1;eor
       5705;20250726;   10;   8.0;   1.4;    9;  17.8;   6;    4.100;   0;   6.0;  18.5;  984.00;   18.7;   86.00;   22.8;   15.5;   14.7;eor
       5705;20250727;   10;  12.9;   1.8;    9;   6.3;   6;    3.100;   0;   6.3;  17.1;  981.30;   17.2;   87.00;   22.9;   14.7;   14.2;eor
       5705;20250728;   10;  10.1;   2.9;    9;   0.0;   6;    2.700;   0;   7.4;  13.8;  982.70;   17.3;   71.00;   20.9;   14.8;   13.6;eor
       5705;20250729;   10;  11.4;   3.3;    9;   1.0;   6;    7.200;   0;   6.2;  13.0;  986.10;   17.5;   66.00;   23.0;   14.1;   13.8;eor
       5705;20250730;   10;  10.9;   2.8;    9;   6.0;   6;    4.100;   0;   7.5;  14.4;  985.10;   16.6;   78.00;   21.6;   14.0;   14.0;eor
       5705;20250731;   10;  11.7;   2.5;    9;  11.6;   6;    4.000;   0;   7.7;  15.2;  984.60;   17.2;   78.00;   22.7;   13.6;   11.7;eor
       5705;20250801;   10;  15.8;   2.6;    9;  17.8;   6;    6.000;   0;   6.6;  15.7;  980.60;   17.2;   81.00;   23.8;   13.4;   12.2;eor
       5705;20250802;   10;   9.8;   2.6;    9;   0.0;   0;   10.200;   0;   5.9;  13.9;  981.80;   17.2;   72.00;   22.5;   13.0;   12.1;eor
       5705;20250803;   10;   9.6;   2.7;    9;   4.7;   6;    0.500;   0;   7.9;  13.7;  987.60;   15.6;   77.00;   18.4;   13.4;   11.3;eor
       5705;20250804;   10;   9.7;   3.2;    9;   1.3;   6;    1.500;   0;   7.9;  15.9;  988.10;   16.4;   85.00;   21.8;   12.8;   11.4;eor
       5705;20250805;   10;  10.8;   3.4;    9;   0.9;   6;    5.900;   0;   6.5;  15.6;  987.30;   19.2;   70.00;   23.5;   13.7;   10.2;eor
       5705;20250806;   10;   5.4;   1.7;    9;   0.0;   0;   13.300;   0;   2.9;  11.2;  992.80;   16.8;   61.00;   22.3;   10.9;    8.5;eor
       5705;20250807;   10;   8.7;   1.9;    9;   0.0;   0;   10.700;   0;   6.1;  12.7;  987.70;   18.5;   63.00;   26.4;   10.0;    8.1;eor
       5705;20250808;   10;   9.1;   2.1;    9;   0.0;   0;   10.300;   0;   4.0;  13.9;  987.80;   21.7;   57.00;   29.8;   13.5;   12.7;eor
       5705;20250809;   10;  10.4;   1.8;    9;   0.0;   0;   10.100;   0;   4.5;  15.7;  988.40;   23.6;   56.00;   31.9;   16.0;   15.3;eor
       5705;20250810;   10;   7.3;   2.4;    9;   0.0;   0;   13.600;   0;   0.2;  13.1;  993.70;   22.1;   51.00;   28.0;   16.6;   14.9;eor
       5705;20250811;   10;   8.1;   2.5;    9;   0.0;   0;   13.700;   0;   0.0;  11.9;  992.00;   21.0;   50.00;   28.1;   13.1;   11.2;eor
       5705;20250812;   10;   9.7;   2.1;    9;   0.0;   0;   13.300;   0;   0.0;  13.6;  986.80;   22.7;   52.00;   30.4;   13.0;   10.3;eor
       5705;20250813;   10;   5.6;   1.4;    9;   0.0;   0;   12.800;   0;   0.5;  17.6;  985.10;   25.4;   55.00;   33.7;   16.8;   15.7;eor
       5705;20250814;   10;   6.6;   1.4;    9;   0.0;   0;   12.600;   0;   1.0;  18.5;  986.80;   26.8;   56.00;   34.5;   18.4;   16.9;eor
       5705;20250815;   10;  10.4;   1.9;    9;   0.0;   0;   10.900;   0;   6.0;  19.1;  988.30;   26.8;   57.00;   35.0;   18.7;   17.9;eor
       5705;20250816;   10;   9.8;   2.4;    9;   0.0;   0;   12.400;   0;   1.6;  16.3;  988.90;   23.4;   58.00;   29.8;   16.7;   15.9;eor
       5705;20250817;   10;  10.7;   2.4;    9;   0.0;   0;   11.800;   0;   3.5;  12.1;  988.30;   19.0;   57.00;   25.4;   14.2;   13.4;eor
       5705;20250818;   10;   7.9;   2.4;    9;   0.0;   0;   13.100;   0;   0.7;  12.3;  987.40;   19.1;   58.00;   26.1;   11.4;    9.8;eor
       5705;20250819;   10;   6.9;   1.5;    9;   0.0;   0;   12.900;   0;   0.1;  12.2;  982.70;   21.2;   51.00;   29.1;   13.2;   10.9;eor
       5705;20250820;   10;   8.3;   1.7;    9;   0.0;   0;   10.000;   0;   4.2;  13.1;  977.80;   21.7;   53.00;   30.6;   13.0;   10.9;eor
       5705;20250821;   10;   8.8;   2.3;    9;   0.0;   0;    9.600;   0;   6.9;  13.1;  977.30;   21.4;   52.00;   27.7;   16.5;   15.0;eor
       5705;20250822;   10;   9.9;   2.3;    9;   0.0;   0;    7.900;   0;   5.3;   9.5;  985.40;   16.4;   52.00;   21.9;   11.6;    9.6;eor
       5705;20250823;   10;   9.7;   2.8;    9;   0.0;   6;    1.800;   0;   7.3;  10.3;  987.00;   14.8;   61.00;   18.7;   11.3;   10.3;eor
       5705;20250824;   10;   6.3;   1.4;    9;   0.0;   0;    6.900;   0;   5.6;   9.6;  988.40;   16.1;   55.00;   23.1;   11.5;    8.7;eor
       5705;20250825;   10;   7.9;   1.7;    9;   0.0;   0;   12.800;   0;   4.0;   8.6;  986.80;   16.3;   50.00;   24.4;    7.2;    5.4;eor
       5705;20250826;   10;   9.2;   1.8;    9;   0.0;   6;   12.100;   0;   5.2;   9.6;  982.10;   18.6;   49.00;   28.4;    7.2;    5.7;eor
       5705;20250827;   10;  11.4;   3.7;    9;  11.8;   6;    6.800;   0;   6.5;  17.0;  979.50;   23.3;   61.00;   30.2;   19.1;   18.2;eor
       5705;20250828;   10;  12.8;   2.1;    9;  14.3;   6;    0.000;   0;   7.8;  19.2;  975.70;   18.7;   89.00;   20.6;   16.3;   15.6;eor
       5705;20250829;   10;   8.2;   2.8;    9;   0.0;   6;    8.700;   0;   5.6;  15.3;  973.90;   18.7;   73.00;   23.7;   15.8;   14.8;eor
       5705;20250830;   10;  10.0;   2.9;    9;   0.3;   6;    5.500;   0;   3.8;  14.0;  978.90;   17.1;   73.00;   22.9;   12.6;   11.6;eor
       5705;20250831;   10;   8.1;   2.3;    9;   0.0;   0;   11.700;   0;   0.9;  14.1;  980.80;   18.2;   70.00;   25.7;   10.9;    9.9;eor
       5705;20250901;   10;   8.1;   2.0;    9;   0.0;   6;    1.400;   0;   7.3;  15.0;  978.80;   17.0;   78.00;   21.2;   12.5;   11.3;eor
       5705;20250902;   10;  11.8;   2.8;    9;   0.2;   6;    4.500;   0;   5.8;  14.3;  980.60;   17.1;   74.00;   21.7;   12.5;   11.1;eor
       5705;20250903;   10;  13.7;   4.1;    9;   0.0;   6;    7.000;   0;   5.4;  14.4;  981.50;   18.1;   71.00;   24.0;   12.4;   11.4;eor
       5705;20250904;   10;   9.6;   2.9;    9;   7.6;   6;    5.800;   0;   6.6;  16.9;  983.00;   19.5;   76.00;   26.8;   15.1;   14.2;eor
       5705;20250905;   10;   8.4;   3.0;    9;   0.0;   0;    3.400;   0;   6.9;  14.5;  988.90;   16.3;   79.00;   20.0;   12.9;   10.6;eor
       5705;20250906;   10;   8.4;   2.0;    9;   0.0;   0;    7.300;   0;   5.1;  13.1;  992.20;   15.8;   76.00;   22.6;   10.5;    9.4;eor
       5705;20250907;   10;  10.5;   3.5;    9;   0.0;   0;   11.400;   0;   6.5;  13.0;  987.50;   17.3;   67.00;   24.0;   11.0;    8.7;eor
       5705;20250908;   10;   5.6;   1.3;    9;   0.9;   6;    2.800;   0;   6.1;  15.3;  985.20;   16.2;   83.00;   21.6;   10.9;    9.1;eor
       5705;20250909;   10;   9.3;   1.6;    9;   5.9;   6;    0.500;   0;   7.8;  15.6;  982.80;   14.9;   91.00;   17.8;   12.2;   11.1;eor
       5705;20250910;   10;   3.9;   1.3;    9;   3.2;   6;    1.500;   0;   6.1;  14.1;  979.90;   12.7;   95.00;   17.0;   10.1;    9.7;eor
       5705;20250911;   10;  17.8;   4.1;    9;   0.1;   6;    3.700;   0;   6.3;  12.9;  979.40;   14.2;   81.00;   20.0;    9.6;   10.1;eor
       5705;20250912;   10;  15.9;   4.5;    9;   0.0;   6;    8.500;   0;   4.7;  11.5;  986.40;   14.9;   70.00;   19.7;   11.3;    9.8;eor
       5705;20250913;   10;  11.5;   3.1;    9;   2.6;   6;    4.500;   0;   7.9;  12.2;  986.40;   15.7;   70.00;   21.6;   11.0;   10.0;eor
       5705;20250914;   10;  10.8;   2.9;    9;   4.6;   6;    6.300;   0;   7.0;  13.3;  984.50;   15.1;   79.00;   19.8;   11.8;   11.9;eor
       5705;20250915;   10;  20.4;   7.1;    9;   0.0;   6;    6.700;   0;   5.7;  15.5;  981.80;   18.5;   73.00;   23.5;   14.3;   13.2;eor
       5705;20250916;   10;  18.7;   6.9;    9;   0.0;   6;    4.900;   0;   5.5;  10.4;  987.50;   14.8;   62.00;   18.3;   12.1;   11.0;eor
       5705;20250917;   10;  11.0;   3.8;    9;   0.0;   0;    2.700;   0;   6.5;  11.5;  991.30;   14.2;   72.00;   18.2;    9.3;    7.9;eor
       5705;20250918;   10;  10.4;   3.4;    9;   0.0;   0;   11.500;   0;   1.1;  13.5;  992.20;   18.6;   64.00;   25.9;   11.9;   10.6;eor
       5705;20250919;   10;   6.0;   2.2;    9;   0.0;   0;   11.600;   0;   1.3;  13.4;  993.10;   19.3;   64.00;   28.7;   11.4;   10.4;eor
       5705;20250920;   10;  11.6;   2.1;    9;   0.0;   0;   10.200;   0;   3.0;  14.7;  986.60;   20.7;   64.00;   31.2;   11.3;    9.9;eor
       5705;20250921;   10;   8.5;   2.5;    9;  10.2;   6;    1.900;   0;   7.7;  15.0;  983.00;   16.9;   79.00;   23.2;   11.4;   11.5;eor
       5705;20250922;   10;  11.6;   2.7;    9;  12.9;   6;    0.000;   0;   7.8;  11.5;  985.90;   10.7;   89.00;   12.0;    9.5;    9.4;eor
       5705;20250923;   10;  11.9;   3.9;    9;   0.0;   6;    0.000;   0;   8.0;   9.6;  988.90;   12.0;   69.00;   14.5;    9.7;    9.8;eor
       5705;20250924;   10;  10.5;   3.4;    9;  18.8;   6;    0.000;   0;   7.7;   9.9;  987.60;   10.5;   79.00;   11.7;    9.0;    8.9;eor
       5705;20250925;   10;   7.8;   3.1;    9;   9.4;   6;    0.000;   0;   7.5;  11.4;  987.10;    9.5;   95.00;   10.8;    8.3;    8.4;eor
       5705;20250926;   10;   7.2;   2.4;    9;   0.6;   6;    0.000;   0;   8.0;  11.8;  989.00;   11.1;   89.00;   13.2;    9.3;    9.1;eor
       5705;20250927;   10;   3.8;   1.3;    9;   0.5;   6;    0.100;   0;   7.7;  13.7;  989.50;   12.4;   95.00;   14.6;   11.5;   10.9;eor
       5705;20250928;   10;   5.5;   1.6;    9;   0.0;   0;    4.400;   0;   6.3;  12.7;  990.30;   12.4;   89.00;   16.4;    9.5;    8.4;eor
       5705;20250929;   10;   3.2;   0.9;    9;   0.2;   6;    0.500;   0;   7.7;  12.7;  989.90;   11.7;   92.00;   15.4;    9.2;    8.8;eor
       5705;20250930;   10;   8.3;   1.8;    9;   0.0;   0;    2.100;   0;   7.6;  11.7;  991.50;   11.6;   86.00;   15.3;    7.7;    6.4;eor
       5705;20251001;   10;   8.1;   2.8;    9;   0.0;   0;    9.300;   0;   2.5;   8.5;  996.80;    9.5;   73.00;   14.8;    4.3;    2.7;eor
       5705;20251002;   10;   6.7;   1.8;    9;   0.0;   0;   10.300;   0;   1.1;   8.3;  996.90;    8.3;   78.00;   14.9;    3.3;    0.9;eor
       5705;20251003;   10;   9.8;   2.5;    9;   1.6;   6;    8.200;   0;   4.8;   7.7;  990.40;    8.3;   73.00;   15.6;    1.0;   -0.3;eor
       5705;20251004;   10;  18.7;   5.9;    9;   7.6;   6;    0.200;   0;   6.3;  10.8;  975.50;   10.4;   84.00;   17.5;    7.3;    6.0;eor
       5705;20251005;   10;  14.7;   6.6;    9;   1.7;   6;    3.700;   0;   7.2;   9.7;  981.60;   10.1;   79.00;   13.8;    8.2;    7.1;eor
       5705;20251006;   10;  10.4;   4.3;    9;   0.1;   6;    0.000;   0;   7.7;  10.6;  990.90;   10.3;   84.00;   11.4;    8.7;    7.7;eor
       5705;20251007;   10;   6.4;   2.2;    9;   0.0;   0;    1.500;   0;   7.7;  12.8;  993.80;   12.6;   88.00;   16.8;   10.8;   10.7;eor
       5705;20251008;   10;   5.6;   1.7;    9;   0.3;   6;    2.400;   0;   8.0;  13.0;  990.50;   13.8;   83.00;   17.4;   11.2;   11.1;eor
       5705;20251009;   10;   5.6;   1.8;    9;   0.0;   0;    2.200;   0;   7.0;  12.4;  992.70;   13.4;   81.00;   17.6;   10.0;    8.4;eor
       5705;20251010;   10;   5.4;   1.7;    9;   0.0;   0;    0.000;   0;   7.5;  11.4;  999.70;   11.4;   85.00;   13.7;    7.8;    5.7;eor
       5705;20251011;   10;   4.1;   1.1;    9;   0.0;   0;    0.000;   0;   8.0;  12.7; 1000.70;   13.2;   84.00;   15.9;   10.9;   10.6;eor
       5705;20251012;   10;   4.9;   1.3;    9;   0.0;   6;    0.000;   0;   7.8;  10.7;  997.40;   11.8;   78.00;   13.3;    9.9;    8.4;eor
       5705;20251013;   10;   4.3;   1.1;    9;   0.1;   6;    0.000;   0;   7.6;  11.9;  994.50;   11.7;   86.00;   15.1;    8.9;    6.4;eor
       5705;20251014;   10;   5.7;   1.3;    9;   0.1;   4;    3.500;   0;   6.2;  10.6;  993.30;   10.0;   87.00;   15.5;    6.1;    5.1;eor
       5705;20251015;   10;   5.8;   1.4;    9;   0.0;   0;    2.600;   0;   5.5;  10.8;  993.30;   11.0;   83.00;   16.3;    6.0;    3.8;eor
       5705;20251016;   10;   4.2;   1.2;    9;   0.6;   6;    0.100;   0;   7.2;  10.4;  991.90;    8.7;   93.00;   12.0;    4.6;    3.9;eor
       5705;20251017;   10;   4.2;   1.2;    9;   0.0;   0;    0.000;   0;   7.9;  10.8;  991.10;   10.8;   84.00;   13.5;    8.6;    7.9;eor
       5705;20251018;   10;   9.1;   2.8;    9;   0.0;   0;    4.300;   0;   6.8;   8.3;  993.50;    9.0;   73.00;   13.9;    3.6;    1.7;eor
       5705;20251019;   10;   7.2;   3.2;    9;   0.0;   6;    0.100;   0;   8.0;   7.8;  985.90;    6.8;   78.00;   10.2;    3.1;    1.7;eor
       5705;20251020;   10;   7.0;   2.5;    9;   3.8;   6;    0.000;   0;   7.6;  11.1;  974.00;   10.2;   89.00;   13.7;    7.1;    6.4;eor
       5705;20251021;   10;  14.8;   4.3;    9;   0.9;   6;    4.500;   0;   6.7;  12.4;  969.60;   12.3;   87.00;   16.6;    9.6;    8.5;eor
       5705;20251022;   10;   9.0;   2.9;    9;  11.6;   6;    0.800;   0;   7.8;  13.7;  969.40;   12.8;   93.00;   15.9;   10.5;   10.4;eor
       5705;20251023;   10;  20.9;   7.3;    9;  17.0;   6;    1.100;   0;   7.7;  12.2;  961.10;   12.3;   84.00;   14.5;    8.0;    7.3;eor
       5705;20251024;   10;  18.9;   7.5;    9;   2.6;   6;    2.100;   0;   6.9;   7.9;  972.40;    7.7;   75.00;   10.3;    4.9;    4.4;eor
       5705;20251025;   10;  16.5;   6.9;    9;   2.2;   6;    2.100;   0;   6.7;   9.2;  971.30;    8.8;   81.00;   11.7;    6.8;    5.7;eor
       5705;20251026;   10;  19.4;   7.4;    9;   4.2;   6;    4.400;   0;   5.6;   7.3;  974.30;    7.1;   72.00;   10.0;    5.2;    3.4;eor
       5705;20251027;   10;  18.1;   8.2;    9;   1.5;   6;    2.800;   0;   6.7;   8.6;  971.60;    7.6;   83.00;   11.2;    5.2;    4.6;eor
       5705;20251028;   10;  18.2;   7.1;    9;   0.6;   6;    0.400;   0;   7.4;   9.8;  978.90;    9.6;   82.00;   12.7;    6.2;    4.4;eor
       5705;20251029;   10;   8.0;   3.8;    9;   1.4;   6;    2.800;   0;   7.7;  10.6;  977.00;   11.4;   80.00;   15.8;    7.8;    6.9;eor
       5705;20251030;   10;  16.4;   5.4;    9;   0.4;   6;    7.900;   0;   5.8;   9.1;  978.40;   10.1;   74.00;   13.5;    3.4;    1.9;eor
       5705;20251031;   10;   4.5;   1.2;    9;   0.0;   0;    5.500;   0;   7.4;   8.6;  984.30;    6.8;   87.00;   12.9;    1.1;   -0.7;eor
       5705;20251101;   10;   7.5;   1.1;    9;   1.8;   6;    0.000;   0;   6.8;  10.9;  982.40;    8.7;   95.00;   12.1;    3.6;    2.8;eor
       5705;20251102;   10;   9.3;   3.1;    9;   4.2;   6;    0.200;   0;   7.7;  11.7;  982.20;   10.5;   92.00;   13.8;    7.7;    6.5;eor
       5705;20251103;   10;  10.8;   3.5;    9;   0.0;   6;    3.300;   0;   6.4;   9.2;  989.90;    8.3;   85.00;   12.1;    5.0;    2.9;eor
       5705;20251104;   10;   7.8;   2.7;    9;   0.0;   0;    8.500;   0;   7.3;   9.5;  991.80;    9.8;   79.00;   15.2;    4.9;    2.0;eor
       5705;20251105;   10;   4.6;   1.2;    9;   0.0;   0;    4.500;   0;   6.0;   8.6;  988.50;    6.4;   90.00;   12.2;    1.3;    0.6;eor
       5705;20251106;   10;   6.3;   2.3;    9;   0.0;   0;    0.000;   0;   6.1;   8.0;  982.30;    4.4;   96.00;    5.5;    0.9;   -0.7;eor
       5705;20251107;   10;   4.7;   2.0;    9;   0.0;   0;    0.000;   0;   8.0;   7.6;  981.30;    4.0;   93.00;    5.1;    3.1;    3.6;eor
       5705;20251108;   10;   4.9;   1.7;    9;   1.6;   6;    0.000;   0;   8.0;   7.6;  983.20;    4.1;   92.00;    5.5;    2.6;    3.1;eor
       5705;20251109;   10;   4.2;   1.3;    9;   2.1;   6;    0.000;   0;   7.8;   9.8;  985.50;    7.0;   97.00;    8.8;    5.1;    5.2;eor
       5705;20251110;   10;   4.4;   1.6;    9;   0.0;   6;    1.000;   0;   7.2;  10.1;  984.10;    8.0;   94.00;   11.8;    4.9;    3.9;eor
       5705;20251111;   10;   7.4;   2.6;    9;   0.0;   0;    3.900;   0;   7.7;   9.3;  984.70;    8.4;   85.00;   13.2;    4.3;    2.4;eor
       5705;20251112;   10;   5.5;   1.2;    9;   0.0;   0;    4.400;   0;   6.8;   8.6;  984.90;    5.8;   93.00;   10.6;    1.6;    0.7;eor
       5705;20251113;   10;   4.0;   0.9;    9;   0.0;   0;    3.700;   0;   7.3;   8.8;  983.60;    6.9;   89.00;   15.1;    1.6;    1.2;eor
       5705;20251114;   10;   5.6;   1.0;    9;   0.0;   6;    0.100;   0;   7.0;   9.5;  979.30;    7.6;   91.00;   10.5;    4.6;    3.0;eor
       5705;20251115;   10;   5.6;   1.4;    9;   0.0;   6;    0.000;   0;   7.6;  10.4;  979.00;    9.4;   88.00;   12.4;    7.2;    6.4;eor
       5705;20251116;   10;   3.8;   1.3;    9;   2.1;   6;    4.100;   0;   6.4;  10.1;  975.90;    8.3;   92.00;   12.3;    5.5;    4.3;eor
       5705;20251117;   10;   8.9;   2.8;    9;   0.6;   6;    0.700;   0;   6.3;   7.3;  978.70;    4.6;   86.00;    8.0;    0.1;   -1.8;eor
       5705;20251118;   10;   6.4;   2.8;    9;   0.0;   0;    1.900;   0;   5.4;   5.6;  987.20;    0.4;   90.00;    4.5;   -1.9;   -3.9;eor
       5705;20251119;   10;  10.5;   4.8;    9;   0.2;   8;    0.100;   0;   7.4;   5.4;  976.20;    2.2;   76.00;    5.8;   -0.4;   -1.2;eor
       5705;20251120;   10;  11.9;   3.7;    9;   0.0;   8;    0.700;   0;   6.1;   5.6;  976.40;    1.4;   82.00;    3.5;   -3.7;   -6.7;eor
       5705;20251121;   10;   7.3;   1.8;    9;   0.0;   0;    7.800;   0;   3.0;   4.2;  988.70;   -2.6;   83.00;    2.5;   -5.5;   -7.2;eor
       5705;20251122;   10;   4.7;   1.4;    9;   0.0;   0;    8.000;   0;   0.5;   3.6;  994.50;   -4.7;   84.00;   -0.3;   -8.2;  -10.7;eor
       5705;20251123;   10;   8.8;   2.4;    9;   3.5;   8;    6.400;   0;   5.8;   3.7;  981.90;   -4.4;   84.00;    0.9;  -10.7;  -11.6;eor
       5705;20251124;   10;   4.5;   1.9;    9;   2.0;   6;    0.100;   1;   7.7;   7.0;  967.90;    2.2;   98.00;    4.7;   -0.3;   -0.2;eor
       5705;20251125;   10;   4.1;   1.4;    9;   0.0;   0;    0.100;   0;   7.7;   7.2;  971.90;    2.9;   95.00;    5.3;    1.5;    0.7;eor
       5705;20251126;   10;   6.8;   1.8;    9;   1.5;   6;    0.000;   0;   7.4;   6.6;  985.00;    2.5;   90.00;    4.0;    0.5;   -2.2;eor
       5705;20251127;   10;   9.1;   2.7;    9;   1.4;   6;    0.000;   0;   8.0;   5.6;  991.30;    1.9;   81.00;    3.7;    0.7;   -0.2;eor
       5705;20251128;   10;   5.8;   3.0;    9;   2.9;   6;    0.000;   0;   7.8;   7.2;  987.70;    3.5;   92.00;    4.9;    1.7;    1.6;eor
       5705;20251129;   10;   5.5;   2.5;    9;   0.6;   6;    0.000;   0;   7.7;   9.3;  981.70;    5.9;   99.00;    8.3;    3.5;    2.4;eor
       5705;20251130;   10;   8.1;   1.8;    9;   3.3;   6;    0.000;   0;   7.7;   8.2;  981.10;    4.6;   97.00;    5.9;    3.1;    1.6;eor
       5705;20251201;   10;   5.5;   1.6;    9;   0.0;   0;    2.700;   0;   6.3;   6.1;  987.10;    0.9;   94.00;    4.4;   -2.6;   -3.7;eor
       5705;20251202;   10;   7.4;   1.9;    9;   0.0;   0;    7.100;   0;   7.3;   6.3;  982.80;    2.0;   91.00;    8.3;   -1.9;   -3.6;eor
       5705;20251203;   10;   7.3;   3.3;    9;   0.0;   0;    0.000;   0;   7.9;   6.1;  982.80;    1.1;   93.00;    1.7;    0.6;    0.9;eor
       5705;20251204;   10;   6.9;   3.3;    9;   0.0;   0;    0.000;   0;   7.8;   5.8;  978.90;    0.6;   91.00;    1.2;    0.3;    0.5;eor
       5705;20251205;   10;   5.8;   1.7;    9;   0.0;   0;    0.000;   0;   7.8;   6.4;  980.30;    1.8;   92.00;    3.4;    0.4;    0.5;eor
       5705;20251206;   10;   7.2;   3.2;    9;   1.4;   6;    0.000;   0;   7.5;   7.7;  978.80;    4.0;   94.00;    7.6;   -0.6;   -0.8;eor
       5705;20251207;   10;   9.7;   3.9;    9;   9.0;   6;    0.000;   0;   7.7;  10.3;  979.80;    8.3;   94.00;   10.5;    6.9;    5.6;eor
       5705;20251208;   10;  12.4;   5.5;    9;   0.0;   6;    0.200;   0;   7.5;  13.1;  984.40;   12.4;   91.00;   13.7;   10.5;    9.8;eor
       5705;20251209;   10;   7.9;   2.9;    9;   0.0;   0;    6.300;   0;   7.8;  10.8;  985.50;   10.0;   88.00;   14.9;    5.7;    4.6;eor
       5705;20251210;   10;   6.7;   2.4;    9;   1.0;   6;    0.100;   0;   7.5;   9.9;  989.00;    8.0;   92.00;   10.1;    4.7;    3.2;eor
       5705;20251211;   10;   4.1;   1.2;    9;   0.0;   4;    1.600;   0;   6.6;  10.1;  992.70;    7.7;   95.00;   11.3;    2.5;    2.0;eor
       5705;20251212;   10;   4.7;   1.8;    9;   0.0;   0;    0.000;   0;   8.0;   8.8;  992.30;    5.9;   94.00;    8.4;    2.3;    2.7;eor
       5705;20251213;   10;   4.8;   1.7;    9;   0.2;   6;    0.000;   0;   8.0;   8.7;  996.10;    5.3;   98.00;    6.5;    4.7;    5.1;eor
       5705;20251214;   10;   6.9;   2.3;    9;   0.0;   0;    0.000;   0;   8.0;   8.5;  994.40;    5.6;   94.00;    7.1;    3.9;    4.2;eor
       5705;20251215;   10;   8.4;   3.9;    9;   0.0;   0;    0.100;   0;   7.9;   6.8;  988.90;    2.2;   95.00;    3.9;    0.6;    0.9;eor
       5705;20251216;   10;   7.1;   3.4;    9;   0.0;   0;    0.000;   0;   7.9;   5.8;  985.50;    0.7;   90.00;    1.7;   -0.1;   -0.8;eor
       5705;20251217;   10;   5.8;   1.6;    9;   0.0;   0;    5.100;   0;   6.0;   6.3;  988.90;    2.3;   87.00;    5.9;    0.0;   -0.8;eor
       5705;20251218;   10;   3.9;   1.3;    9;   0.0;   0;    6.100;   0;   4.3;   7.2;  990.20;    3.8;   91.00;    9.9;   -0.4;   -1.8;eor
       5705;20251219;   10;   2.9;   0.6;    9;   0.1;   6;    0.000;   0;   7.0;   7.3;  989.30;    3.2;   94.00;    6.5;   -1.4;   -2.6;eor
       5705;20251220;   10;   4.6;   1.6;    9;   0.0;   6;    0.500;   0;   7.8;   8.0;  986.10;    5.4;   90.00;    8.0;    3.4;    1.7;eor
       5705;20251221;   10;   6.1;   2.1;    9;   0.0;   0;    6.900;   0;   7.4;   6.7;  981.70;    3.5;   86.00;    6.7;    1.4;   -0.2;eor
       5705;20251222;   10;   8.1;   4.1;    9;   0.0;   0;    0.000;   0;   8.0;   6.3;  980.40;    2.8;   84.00;    4.2;    0.6;   -0.7;eor
       5705;20251223;   10;  13.4;   5.3;    9;   0.0;   6;    0.000;   0;   8.0;   6.0;  984.50;    3.3;   77.00;    4.2;    1.6;    1.6;eor
       5705;20251224;   10;  16.1;   6.8;    9;   0.0;   8;    0.000;   0;   7.3;   4.2;  992.00;    0.1;   68.00;    1.6;   -3.2;   -4.0;eor
       5705;20251225;   10;  14.2;   4.9;    9;   0.0;   0;    7.300;   0;   0.1;   3.9;  994.10;   -1.7;   72.00;    2.1;   -4.2;   -5.1;eor
       5705;20251226;   10;   7.7;   2.6;    9;   0.0;   0;    7.300;   0;   0.4;   4.7;  996.90;   -0.4;   79.00;    4.3;   -3.9;   -6.5;eor
       5705;20251227;   10;   5.8;   1.5;    9;   0.0;   0;    7.300;   0;   3.6;   4.2;  997.60;    0.5;   68.00;    6.8;   -3.2;   -5.8;eor
       5705;20251228;   10;   4.4;   1.4;    9;   0.0;   0;    7.400;   0;   1.6;   4.7;  997.00;   -0.3;   79.00;    4.7;   -4.2;   -6.5;eor
       5705;20251229;   10;   7.8;   2.0;    9;   0.0;   8;    2.500;   0;   4.1;   4.5;  990.90;   -2.5;   87.00;    1.5;   -7.8;   -9.2;eor
       5705;20251230;   10;   9.3;   2.6;    9;   0.0;   0;    6.700;   0;   1.9;   4.2;  992.90;   -0.1;   69.00;    3.0;   -5.1;   -8.6;eor
       5705;20251231;   10;  11.0;   3.5;    9;   0.0;   8;    0.100;   0;   7.1;   4.3;  990.90;   -1.8;   79.00;    1.4;   -7.3;   -8.9;eor
       5705;20260101;    3;  16.0;   6.5;    3;   1.8;   8;    0.000;   0;   7.9;   4.8;  977.00;   -0.1;   79.00;    1.2;   -0.9;   -1.4;eor
       5705;20260102;    3;  16.1;   7.5;    3;   2.2;   8;    2.500;   2;   5.9;   5.1;  968.50;    0.3;   82.00;    2.5;   -1.5;   -2.7;eor
       5705;20260103;    3;  14.3;   6.4;    3;   0.3;   8;    1.900;   4;   6.2;   4.3;  973.10;   -1.6;   80.00;    0.1;   -4.1;   -4.2;eor
       5705;20260104;    3;  12.0;   4.2;    3;   0.0;   0;    3.100;   4;   5.0;   3.9;  978.80;   -2.0;   74.00;    0.9;   -4.4;   -5.4;eor
       5705;20260105;    3;   7.6;   2.7;    3;   0.1;   7;    7.100;   3;   3.7;   3.4;  981.40;   -4.5;   77.00;   -1.4;   -9.3;   -7.6;eor
       5705;20260106;    3;   4.5;   1.9;    3;   0.0;   7;    1.000;   4;   7.5;   3.5;  984.00;   -5.4;   86.00;   -2.8;   -9.4;   -5.9;eor
       5705;20260107;    3;   5.6;   2.3;    3;   1.5;   8;    7.600;   3;   4.7;   3.3;  982.00;   -5.5;   82.00;   -2.6;   -7.2;   -6.4;eor
       5705;20260108;    3;   8.6;   3.0;    3;  12.4;   8;    0.000;   7;   7.6;   5.2;  976.20;   -1.1;   92.00;    0.8;   -5.2;   -2.4;eor
       5705;20260109;    3;  18.2;   5.8;    3;   5.1;   6;    0.000;   4;   7.4;   6.8;  962.70;    3.6;   86.00;    7.1;    0.7;    0.1;eor
       5705;20260110;    3;  10.2;   3.5;    3;   2.0;   8;    0.000;   0;   7.0;   5.3;  973.70;   -0.8;   89.00;    2.6;   -6.9;   -9.5;eor
       5705;20260111;    3;   6.8;   1.7;    3;   0.0;   0;    7.100;   0;   3.8;   3.4;  992.40;   -5.2;   81.00;   -1.8;   -9.7;  -11.9;eor
       5705;20260112;    3;   6.6;   2.6;    3;   5.9;   8;    0.000;   0;   7.5;   5.9;  984.00;   -0.1;   95.00;    5.3;   -3.2;   -3.8;eor
       5705;20260113;    3;   7.9;   2.3;    3;   0.2;   6;    0.000;   0;   7.9;   8.5;  982.20;    5.1;   96.00;    7.8;    1.5;   -0.2;eor
       5705;20260114;    3;   9.6;   2.5;    3;   2.3;   6;    0.600;   0;   7.8;   8.2;  983.50;    5.9;   88.00;   11.7;    0.7;   -0.7;eor
       5705;20260115;    3;   6.6;   2.4;    3;   1.0;   6;    4.000;   0;   7.0;   9.0;  983.50;    6.8;   91.00;   11.9;    2.9;    1.3;eor
       5705;20260116;    3;   6.8;   1.4;    3;   0.0;   0;    7.200;   0;   5.9;   7.0;  984.90;    4.1;   86.00;   10.6;   -0.9;   -1.9;eor
       5705;20260117;    3;   7.4;   3.8;    3;   0.0;   0;    0.000;   0;   7.9;   5.7;  989.60;    0.8;   89.00;    1.6;   -0.1;   -1.1;eor
       5705;20260118;    3;   8.2;   4.4;    3;   0.0;   0;    3.700;   0;   4.1;   5.9;  989.60;    2.1;   82.00;    5.7;   -0.7;   -2.7;eor
       5705;20260119;    3;   6.8;   3.0;    3;   0.0;   0;    7.600;   0;   1.0;   4.4;  988.40;    1.8;   65.00;    6.4;   -1.2;   -3.4;eor
       5705;20260120;    3;   7.0;   2.7;    3;   0.0;   0;    7.800;   0;   2.1;   3.9;  987.40;   -0.6;   67.00;    3.3;   -3.2;   -6.4;eor
       5705;20260121;    3;   5.6;   2.7;    3;   0.0;   0;    7.900;   0;   0.9;   3.6;  976.50;   -2.5;   71.00;    1.6;   -5.9;   -8.3;eor
       5705;20260122;    3;   8.0;   3.4;    3;   0.0;   0;    7.100;   0;   2.9;   3.2;  968.80;   -5.1;   77.00;   -2.4;   -7.3;   -8.9;eor
       5705;20260123;    3;   7.6;   3.4;    3;   0.0;   0;    6.700;   0;   6.2;   3.4;  968.50;   -3.4;   73.00;    0.3;   -6.2;   -6.6;eor
       5705;20260124;    3;   7.7;   2.9;    3;   0.0;   0;    6.700;   0;   4.3;   3.6;  971.30;   -3.3;   75.00;   -0.6;   -5.3;   -7.6;eor
       5705;20260125;    3;   6.8;   2.1;    3;  14.3;   8;    0.000;   0;   7.9;   4.8;  967.60;   -1.9;   89.00;   -0.5;   -3.9;   -3.7;eor
       5705;20260126;    3;   8.3;   2.4;    3;  10.1;   8;    0.000;  13;   7.5;   5.5;  967.50;   -0.9;   96.00;    0.3;   -2.1;   -0.7;eor
       5705;20260127;    3;   9.0;   2.8;    3;   5.3;   6;    6.000;  21;   7.4;   6.0;  968.20;    1.1;   90.00;    3.7;   -0.3;   -0.1;eor
       5705;20260128;    3;   7.5;   2.3;    3;   1.6;   8;    0.600;  10;   7.8;   6.3;  962.20;    1.8;   91.00;    4.1;    0.8;    0.0;eor
       5705;20260129;    3;   6.4;   1.8;    3;   5.2;   8;    0.400;   7;   7.8;   5.9;  966.80;    0.4;   94.00;    1.0;   -0.3;    0.1;eor
       5705;20260130;    3;   8.2;   2.6;    3;   0.0;   6;    0.000;  10;   7.9;   5.9;  969.10;    0.5;   94.00;    1.5;   -0.6;    0.1;eor
       5705;20260131;    3;   7.4;   2.9;    3;   0.0;   8;    0.000;   7;   7.9;   6.1;  973.50;    1.4;   90.00;    2.1;    0.7;    0.1;eor
       5705;20260201;    3;-999;   2.9;    3;   0.0;   0;    0.000;   5;   7.8;   6.0;  977.82;    1.8;   86.00;    3.1;    0.7;    0.1;eor
       5705;20260202;    3;-999;-999;    3;   0.0;   0;    1.400;-999;  -999;  -999;    -999;    1.0;-999;    2.5;   -1.1;   -1.9;eor
       5705;20260203;    3;   8.5;   3.3;    3;   1.5;   8;    0.083;   2;   7.4;   5.5;  970.25;    0.4;   87.04;    2.1;   -1.6;   -2.9;eor
       5705;20260204;    3;   7.9;   2.1;    3;   0.0;   0;    4.283;   2;   6.7;   5.7;  967.75;    0.5;   89.75;    3.9;   -3.5;   -3.5;eor
       5705;20260205;    3;   7.5;   2.7;    3;   0.0;   0;    0.000;   1;   8.0;   6.0;  961.78;    1.5;   87.54;    2.2;    1.0;    0.1;eor
       5705;20260206;    3;   6.2;   2.2;    3;   0.6;   6;    0.000;   0;   7.9;   6.0;  963.01;    1.3;   89.96;    2.2;    0.5;    0.2;eor
       5705;20260207;    3;   3.0;   0.7;    3;   0.0;   6;    0.000;   0;   8.0;   7.5;  973.13;    3.3;   96.71;    5.5;    1.5;    0.6;eor
       5705;20260208;    3;   5.5;   1.2;    3;   0.0;   0;    0.033;   0;   7.7;   7.4;  977.41;    3.5;   93.92;    5.6;    1.9;   -0.3;eor
       5705;20260209;    3;   6.1;   2.1;    3;   0.0;   0;    0.117;   0;   8.0;   6.7;  976.05;    3.5;   86.67;    5.8;    1.6;    1.8;eor
       5705;20260210;    3;   8.5;   3.0;    3;   1.9;   6;    1.550;   0;   7.7;   6.7;  966.77;    3.7;   83.25;    7.5;   -0.2;   -2.6;eor
       5705;20260211;    3;  15.5;   5.1;    3;  13.8;   6;    0.000;   0;   7.6;   9.8;  956.05;    7.7;   92.83;   10.0;    4.7;    4.3;eor
       5705;20260212;    3;  16.8;   5.8;    3;   6.5;   6;    0.717;   0;   7.3;   9.1;  951.85;    7.3;   89.08;   11.0;    5.4;    4.7;eor
       5705;20260213;    3;  13.5;   4.5;    3;   1.7;   6;    0.433;   0;   7.8;   8.5;  961.39;    6.7;   86.71;    8.5;    4.1;    2.0;eor
       5705;20260214;    3;   9.7;   3.2;    3;   0.0;   8;    0.000;   0;   7.8;   6.3;  973.02;    2.6;   84.96;    4.6;    0.4;    0.3;eor
       5705;20260215;    3;  13.3;   3.7;    3;   5.5;   8;    4.467;   0;   7.0;   4.3;  981.36;    0.4;   69.13;    3.0;   -1.3;   -1.9;eor
       5705;20260216;    3;  12.5;   4.6;    3;   4.2;   8;    0.983;   5;   7.3;   6.8;  965.58;    3.1;   89.63;    7.8;   -1.1;   -0.7;eor
       5705;20260217;    3;  14.7;   5.3;    3;   1.2;   8;    0.283;   0;   7.3;   6.6;  974.78;    3.0;   86.75;    5.4;    0.8;    0.3;eor
       5705;20260218;    3;  11.1;   4.1;    3;   2.6;   8;    2.017;   0;   7.8;   5.1;  979.92;    2.3;   70.75;    4.7;    0.7;   -0.8;eor
       5705;20260219;    3;  11.5;   5.1;    3;  11.1;   8;    0.000;   1;   7.4;   5.7;  973.99;    0.3;   91.63;    1.6;   -0.7;   -0.6;eor
       5705;20260220;    3;   8.8;   2.6;    3;   1.7;   6;    6.633;   7;   5.2;   5.1;  988.76;    0.4;   79.21;    3.2;   -3.8;   -4.2;eor
       5705;20260221;    3;  15.0;   5.2;    3;   1.7;   6;    0.800;   0;   7.7;   8.9;  989.39;    6.7;   90.71;    9.4;    3.1;    1.8;eor
       5705;20260222;    3;  16.0;   7.1;    3;   5.9;   6;    0.017;   0;   7.8;  11.0;  987.79;    9.8;   90.67;   11.8;    8.6;    7.7;eor
       5705;20260223;    3;  17.8;   6.7;    3;   9.6;   6;    1.417;   0;   7.7;   9.4;  984.63;    9.9;   77.46;   12.5;    8.0;    7.5;eor
       5705;20260224;    3;  10.9;   2.5;    3;   0.0;   6;    1.050;   0;   7.6;   9.7;  988.15;    9.0;   84.79;   12.4;    7.1;    5.4;eor
       5705;20260225;    3;   6.5;   2.2;    3;   0.0;   0;    0.000;   0;   7.4;   9.7;  991.74;    6.8;   97.21;    8.7;    5.3;    3.0;eor
       5705;20260226;    3;-999;-999;    3;   0.0;   0;    3.900;   0;  -999;  -999;    -999;    7.8;-999;   14.4;    4.0;    3.7;eor
       5705;20260227;    3;-999;-999;    3;   0.0;   0;    6.283;   0;  -999;  -999;    -999;    8.9;-999;   18.3;    2.0;    1.7;eor
       5705;20260228;    3;  14.0;   3.6;    3;   0.0;   0;    7.267;   0;   5.8;   8.5;  989.05;    9.4;   74.33;   15.2;    2.8;    1.6;eor
       5705;20260301;    3;   8.6;   2.5;    3;   0.0;   0;    7.683;   0;   3.9;   7.2;  993.37;    7.6;   70.58;   13.7;    2.9;    0.7;eor
       5705;20260302;    1;   8.7;-999;    1;   0.0;   0;   10.300;   0;  -999;  -999;    -999;    7.3;-999;   14.5;    0.3;   -2.1;eor
       5705;20260303;    1;   4.1;-999;    1;   0.0;   0;   10.200;   0;  -999;  -999;    -999;    7.0;-999;   14.3;    0.5;   -2.0;eor
       5705;20260304;    1;-999;-999;    1;   0.0;   0;    9.900;   0;  -999;  -999;    -999;    7.7;-999;   15.0;    1.3;   -1.1;eor
       5705;20260305;    1;   9.0;-999;    1;   0.0;   0;   10.600;   0;  -999;  -999;    -999;    8.2;-999;   15.6;    1.0;   -1.5;eor
       5705;20260306;    1;   6.3;   1.6;    1;   0.0;   0;    9.867;   0;   3.0;   7.4;  990.32;    8.7;   66.79;   15.8;    2.4;   -0.9;eor
       5705;20260307;    1;   5.1;   1.4;    1;   0.0;   0;    9.767;   0;   5.8;   7.3;  992.30;    9.2;   65.88;   17.4;    2.1;    0.1;eor
       5705;20260308;    1;   5.1;   1.5;    1;   0.0;   0;    8.750;   0;   6.3;   7.9;  992.31;    8.6;   71.75;   16.3;    2.3;    0.3;eor
       5705;20260309;    1;   5.1;   1.3;    1;   0.0;   0;    9.833;   0;   1.3;   8.0;  989.23;    8.9;   72.71;   17.2;    1.7;   -0.6;eor
       5705;20260310;    1;  11.8;   1.7;    1;   0.6;   6;    8.933;   0;   3.2;   8.6;  986.81;   10.3;   71.17;   18.7;    1.9;    0.8;eor
       5705;20260311;    1;  13.0;   4.3;    1;   6.1;   6;    3.200;   0;   7.3;  10.3;  985.46;   10.2;   82.67;   14.1;    7.3;    5.6;eor
       5705;20260312;    1;  11.0;   2.9;    1;   0.0;   0;    8.617;   0;   3.9;   8.1;  989.81;    8.1;   75.42;   12.8;    3.3;    1.2;eor
       5705;20260313;    1;  13.5;   4.4;    1;   0.2;   6;    7.800;   0;   6.9;   7.5;  979.18;    8.6;   68.50;   14.7;    1.7;   -0.1;eor
       5705;20260314;    1;  10.3;   4.2;    1;   0.3;   6;    0.000;   0;   7.5;   7.6;  970.63;    7.2;   74.46;   11.1;    4.2;    3.1;eor
       5705;20260315;    1;   4.7;   1.6;    1;   0.4;   6;    0.183;   0;   7.5;   6.9;  982.29;    5.0;   79.75;    7.6;    2.2;    0.0;eor
       5705;20260316;    1;  15.8;   4.4;    1;   7.5;   6;    3.083;   0;   6.0;   6.9;  985.10;    4.2;   83.71;    8.3;    1.6;   -0.4;eor
       5705;20260317;    1;   6.5;   2.3;    1;   0.0;   0;    0.217;   0;   7.6;   7.7;  990.76;    5.8;   83.54;    9.8;    1.7;    0.1;eor
       5705;20260318;    1;  11.2;   4.6;    1;   0.0;   0;   11.333;   0;   0.0;   6.6;  993.16;    7.6;   64.63;   13.9;    1.0;   -2.7;eor
       5705;20260319;    1;   8.9;   3.1;    1;   0.0;   0;   11.183;   0;   2.2;   6.4;  991.83;    9.1;   57.33;   15.4;    3.5;    0.1;eor
       5705;20260320;    1;   7.6;   2.0;    1;   0.0;   6;    7.300;   0;   3.7;   6.7;  987.48;    8.5;   61.96;   14.9;    1.4;   -1.7;eor
       5705;20260321;    1;  14.1;   3.4;    1;   0.3;   6;    3.650;   0;   6.3;   7.3;  983.96;    8.1;   69.54;   13.6;    4.5;    2.4;eor
       5705;20260322;    1;  14.6;   4.9;    1;   0.0;   0;    8.800;   0;   2.8;   6.5;  982.67;    8.8;   60.54;   15.1;    2.6;    0.4;eor
       5705;20260323;    1;   8.2;   1.7;    1;   0.0;   0;    9.967;   0;   2.0;   5.7;  986.10;    8.9;   53.13;   15.9;    2.2;   -1.4;eor
       5705;20260324;    1;  12.0;   3.3;    1;   0.0;   0;    4.600;   0;   7.1;   6.0;  987.29;    8.9;   55.83;   15.6;    0.8;   -1.1;eor
       5705;20260325;    1;  20.8;   5.5;    1;   6.7;   6;    1.067;   0;   6.5;   7.4;  973.52;    7.0;   74.83;   11.1;    3.1;    1.1;eor
       5705;20260326;    1;  12.5;   3.1;    1;   0.1;   6;    4.117;   0;   5.0;   5.9;  981.08;    3.9;   74.04;    8.6;    0.1;   -2.2;eor
       5705;20260327;    1;   7.0;   1.9;    1;   0.0;   0;    7.267;   0;   1.1;   4.5;  989.94;    2.5;   63.79;    8.7;   -1.8;   -4.5;eor
       5705;20260328;    1;  12.3;   3.0;    1;   3.0;   6;    2.000;   0;   6.6;   5.5;  988.32;    1.8;   78.67;    7.0;   -3.1;   -4.9;eor
       5705;20260329;    1;  10.7;   2.9;    1;   1.4;   6;    7.950;   0;   5.6;   6.1;  993.73;    5.0;   71.04;   10.0;    1.3;   -0.2;eor
       5705;20260330;    1;  19.6;   5.4;    1;   3.1;   6;    5.550;   0;   6.3;   6.7;  985.19;    5.3;   75.58;   10.4;    2.8;    1.1;eor
       5705;20260331;    1;   7.4;   2.1;    1;   0.2;   6;    1.283;   0;   7.0;   6.3;  992.66;    5.3;   71.63;   10.0;    2.3;    1.1;eor
       5705;20260401;    1;   7.6;   2.4;    1;   0.0;   6;    3.567;   0;   5.2;   6.4;  991.82;    6.1;   68.75;   10.7;    1.4;   -1.5;eor
       5705;20260402;    1;   7.2;   1.9;    1;   0.0;   0;   12.217;   0;   0.3;   5.4;  985.25;    6.8;   59.00;   14.7;   -1.6;   -4.1;eor
       5705;20260403;    1;  13.6;   4.1;    1;   0.0;   6;    1.850;   0;   7.7;   7.3;  985.50;    9.3;   63.29;   13.4;    4.4;    2.9;eor
       5705;20260404;    1;  13.8;   5.3;    1;   0.0;   6;    0.167;   0;   7.7;  10.5;  988.30;   11.9;   75.42;   14.8;    8.4;    6.5;eor
       5705;20260405;    1;  19.1;   5.9;    1;   0.0;   6;    6.667;   0;   6.1;   9.5;  986.96;   12.9;   67.17;   20.8;    6.0;    4.3;eor
       5705;20260406;    1;   8.1;   2.2;    1;   0.0;   0;   11.583;   0;   5.7;   6.3;  994.70;   10.6;   50.58;   15.8;    5.8;    1.7;eor
       5705;20260407;    1;   7.4;   2.4;    1;   0.0;   0;   12.683;   0;   0.4;   5.9;  993.67;   10.5;   49.71;   17.9;    2.7;    0.2;eor
       5705;20260408;    1;   7.8;   2.2;    1;   0.0;   0;   12.733;   0;   3.2;   4.9;  993.73;   10.7;   41.08;   17.8;    2.9;   -0.7;eor
       5705;20260409;    1;   5.8;   1.8;    1;   1.4;   6;    9.417;   0;   7.5;   5.7;  988.36;   11.1;   44.29;   17.9;    3.9;    1.0;eor
       5705;20260410;    1;   7.2;   1.9;    1;   0.0;   6;    2.000;   0;   7.8;   7.5;  985.04;   10.0;   62.17;   14.2;    6.4;    3.8;eor
       5705;20260411;    1;  11.0;   4.1;    1;   0.4;   6;   11.850;   0;   6.0;   8.0;  982.54;   12.3;   57.63;   18.4;    5.3;    3.7;eor
       5705;20260412;    1;   9.8;   2.0;    1;   6.1;   6;    0.000;   0;   7.7;  10.0;  983.38;    8.7;   88.58;   12.2;    7.0;    7.3;eor
       5705;20260413;    1;   6.6;   2.3;    1;   5.7;   6;    0.067;   0;   8.0;   9.9;  979.53;    9.9;   81.50;   13.1;    6.8;    6.3;eor
       5705;20260414;    1;   6.7;   2.2;    1;   0.4;   6;    2.200;   0;   6.5;   9.5;  987.25;    9.8;   79.29;   13.5;    7.5;    4.9;eor
       5705;20260415;    1;   7.0;   2.3;    1;   0.0;   0;    7.817;   0;   5.0;  10.0;  990.34;   11.5;   74.25;   16.9;    5.1;    2.9;eor
       5705;20260416;    1;   7.8;   2.2;    1;   0.0;   0;    4.050;   0;   7.0;  10.9;  989.89;   14.5;   68.04;   20.4;    9.2;    7.8;eor
       5705;20260417;    1;   5.4;   1.4;    1;   0.0;   0;   10.467;   0;   4.1;  10.3;  989.65;   15.0;   64.00;   22.2;    7.5;    5.1;eor
       5705;20260418;    1;   6.8;   1.5;    1;   0.0;   6;    6.367;   0;   6.5;  10.9;  987.62;   15.6;   64.75;   22.7;    8.6;    6.7;eor
       5705;20260419;    1;  12.4;   2.6;    1;   2.7;   6;    4.733;   0;   5.6;   9.9;  986.14;   11.0;   76.08;   14.9;    6.3;    3.4;eor
       5705;20260420;    1;   9.1;   2.4;    1;   0.0;   6;    7.717;   0;   4.5;   7.1;  986.71;    8.7;   65.29;   14.2;    4.1;    1.6;eor
       5705;20260421;    1;  11.8;   3.7;    1;   0.0;   0;    2.417;   0;   5.6;   7.0;  989.10;    9.0;   62.88;   14.4;    4.7;    1.4;eor
       5705;20260422;    1;  10.9;   2.7;    1;   0.0;   0;   13.167;   0;   0.0;   5.8;  992.94;   10.0;   50.21;   16.7;    2.2;   -0.7;eor
       5705;20260423;    1;   7.6;   2.1;    1;   0.0;   0;   13.267;   0;   1.4;   5.4;  993.43;   12.1;   44.50;   21.3;    2.0;   -1.3;eor
       5705;20260424;    1;   8.8;   2.3;    1;   0.0;   0;   13.367;   0;   4.1;   6.3;  988.57;   13.4;   43.96;   21.4;    4.9;    1.6;eor
       5705;20260425;    1;   8.2;   2.3;    1;   0.0;   0;   13.333;   0;   2.6;   6.4;  986.19;   13.7;   46.00;   21.5;    3.9;    1.5;eor
       5705;20260426;    1;   6.5;   2.0;    1;   0.0;   0;   12.233;   0;   3.6;   6.2;  990.80;   11.4;   47.50;   17.3;    4.8;    1.4;eor
       5705;20260427;    1;   5.8;   1.7;    1;   0.0;   0;   12.617;   0;   6.2;   6.0;  989.77;   12.0;   46.83;   19.3;    3.1;    0.5;eor
       5705;20260428;    1;  13.5;   4.3;    1;   0.0;   0;   13.133;   0;   3.9;   6.6;  987.74;   14.5;   41.42;   21.5;    8.6;    7.6;eor
       5705;20260429;    1;  12.9;   5.1;    1;   0.0;   0;   13.583;   0;   0.0;   4.6;  992.06;   12.0;   33.88;   18.5;    6.0;    4.4;eor
       5705;20260430;    1;  14.0;   6.4;    1;   0.0;   0;   13.700;   0;   0.8;   4.0;  996.25;   11.1;   31.92;   17.9;    3.6;    1.9;eor
       5705;20260501;    1;  11.8;   3.4;    1;   0.0;   0;   13.700;   0;   0.1;   6.6;  994.71;   14.6;   41.33;   22.6;    3.6;    1.1;eor
       5705;20260502;    1;   7.0;   1.5;    1;   0.0;   0;   13.767;   0;   4.4;   8.4;  988.78;   16.7;   48.96;   25.6;    5.9;    3.0;eor
       5705;20260503;    1;  13.3;   2.2;    1;   0.2;   6;    9.100;   0;   7.8;   9.5;  982.78;   17.8;   50.04;   25.4;    8.9;    6.9;eor
       5705;20260504;    1;   7.2;   2.3;    1;   0.0;   6;    7.450;   0;   7.5;  11.1;  981.87;   17.6;   56.54;   22.7;   10.6;    8.1;eor
       5705;20260505;    1;  17.1;   1.9;    1;   8.8;   6;    2.817;   0;   7.5;  13.3;  976.81;   16.0;   75.63;   23.1;   12.5;   11.5;eor
       5705;20260506;    1;   9.9;   4.0;    1;   4.7;   6;    6.717;   0;   6.6;  12.6;  974.89;   14.5;   77.96;   20.9;   11.0;   10.0;eor
       5705;20260507;    1;   9.8;   3.1;    1;   0.6;   6;    0.000;   0;   7.4;  11.1;  981.84;   10.3;   88.08;   12.3;    7.6;    5.4;eor
       5705;20260508;    1;   6.4;   1.9;    1;   0.0;   0;    6.533;   0;   4.3;   9.8;  986.07;   11.4;   75.17;   18.3;    6.2;    4.7;eor
       5705;20260509;    1;   6.8;   2.1;    1;   0.0;   0;   10.867;   0;   3.0;  10.8;  985.72;   14.2;   68.50;   21.6;    6.6;    5.4;eor
       5705;20260510;    1;  15.1;   2.5;    1;   1.1;   6;   11.350;   0;   6.4;  11.8;  978.67;   17.1;   63.08;   24.2;    9.9;    8.6;eor
       5705;20260511;    1;  17.8;   4.9;    1;   2.5;   6;    3.367;   0;   7.5;  11.6;  971.92;   12.0;   81.75;   19.3;    6.1;    4.9;eor
       5705;20260512;    1;  15.8;   5.6;    1;   0.0;   6;    3.233;   0;   6.0;   6.6;  979.94;    7.2;   65.29;   11.7;    3.1;    1.8;eor
       5705;20260513;    1;  14.0;   5.3;    1;   4.4;   6;    1.550;   0;   7.6;   8.4;  973.70;    8.8;   74.04;   14.3;    5.8;    5.5;eor
